303 0.00000201
324 0.00000213
358 0.00000201
569 0.00000110
570 0.00000179
576 0.00000826
580 0.00000113
593 0.00000129
624 0.00000258
627 0.00000236
633 0.00000144
689 0.00000383
698 0.00000296
701 0.00000228
717 0.00000317
734 0.00000116
737 0.00000305
738 0.00000203
741 0.00000143
744 0.00000757
746 0.00000122
752 0.00000111
753 0.00000858
770 0.00000757
771 0.00000133
775 0.00000091
791 0.00000192
800 0.00000348
803 0.00000496
844 0.00000197
849 0.00000108
856 0.00000124
863 0.00000441
874 0.00000099
904 0.00000103
914 0.00000303
956 0.00000146
1007 0.00000156
1008 0.00000150
1009 0.00000143
1010 0.00000149
1011 0.00000154
1012 0.00000328
1013 0.00000141
1019 0.00000208
1022 0.00000124
1027 0.00000193
1129 0.00000124
1148 0.00000194
1154 0.00000139
1164 0.00000093
1170 0.00000165
1175 0.00000280
1209 0.00000278
1212 0.00000160
1214 0.00000107
1216 0.00000303
1254 0.00000204
1259 0.00000159
1261 0.00000140
1332 0.00000312
1333 0.00000153
1334 0.00000135
1416 0.00000152
1417 0.00000143
1442 0.00000180
1448 0.00000137
1490 0.00000135
1491 0.00000144
1495 0.00000113
1496 0.00000144
1497 0.00000134
1498 0.00000260
1499 0.00000294
1519 0.00000146
1541 0.00000134
1628 0.00000406
1629 0.00000185
1639 0.00000135
1710 0.00000135
1711 0.00000159
1777 0.00000142
1781 0.00000152
1787 0.00000143
1793 0.00000145
1794 0.00000144
1797 0.00000164
1826 0.00000139
1827 0.00000139
1862 0.00000137
1930 0.00000144
1942 0.00000132
1961 0.00000218
1962 0.00000142
1974 0.00000142
1990 0.00000166
1998 0.00000146
2139 0.00000090
2154 0.00000319
2185 0.00000131
2192 0.00000128
2194 0.00000141
2195 0.00000147
2196 0.00000133
2224 0.00000136
2279 0.00000142
2315 0.00000212
2326 0.00000140
2377 0.00000275
2395 0.00000140
2403 0.00000305
2418 0.00000246
2420 0.00000098
2483 0.00000148
2564 0.00000144
2733 0.00000147
2734 0.00000140
2735 0.00000140
2861 0.00000120
3001 0.00000156
3138 0.00000322
3338 0.00000096
3343 0.00000727
3352 0.00000128
3354 0.00000383
3356 0.00000119
3383 0.00001377
3390 0.00000209
3392 0.00000553
3410 0.00000674
3415 0.00000355
3454 0.00000339
3455 0.00000092
3457 0.00000157
3462 0.00000280
3463 0.00000184
3464 0.00000096
3470 0.00000095
3472 0.00000103
3708 0.00000152
3718 0.00000136
3753 0.00000121
3764 0.00000526
3765 0.00000121
3778 0.00000107
3850 0.00000346
3916 0.00000563
3921 0.00000597
3946 0.00000177
3957 0.00000159
3985 0.00000112
4092 0.00000194
4146 0.00000096
4183 0.00000121
4220 0.00000090
4228 0.00000290
4243 0.00000207
4246 0.00000116
4309 0.00000445
4339 0.00000119
4340 0.00000103
4347 0.00000507
4437 0.00000099
4443 0.00000207
4492 0.00000095
4659 0.00000112
4721 0.00000102
4874 0.00000097
4887 0.00000208
5046 0.00000143
5134 0.00000121
5166 0.00000145
5180 0.00000127
5211 0.00000251
5222 0.00000792
5247 0.00000322
5267 0.00000224
5307 0.00000120
5309 0.00000194
5321 0.00000538
5322 0.00000166
5323 0.00000184
5363 0.00000406
5391 0.00000159
5399 0.00000235
5405 0.00000413
5407 0.00001151
5447 0.00000198
5489 0.00000392
5551 0.00000218
5573 0.00000371
5593 0.00000165
5639 0.00000102
5644 0.00000098
5646 0.00000091
5648 0.00000196
5689 0.00000123
5704 0.00000110
5751 0.00000255
5755 0.00000163
5882 0.00000096
5902 0.00000101
5935 0.00000090
5950 0.00000107
5951 0.00000173
5952 0.00000190
5955 0.00000111
5987 0.00000094
6021 0.00000097
6121 0.00000139
6187 0.00000100
6231 0.00000240
6237 0.00000150
6293 0.00000103
6310 0.00000234
6321 0.00000141
6416 0.00000248
6418 0.00000104
6429 0.00000262
6466 0.00000194
6653 0.00000107
6654 0.00000095
6671 0.00000110
6721 0.00000108
6735 0.00000152
6771 0.00000248
6822 0.00000113
6886 0.00000724
6889 0.00002688
7023 0.00000097
7044 0.00000100
7329 0.00000100
7406 0.00000115
7485 0.00000092
7610 0.00000211
7669 0.00000101
7823 0.00000236
7885 0.00000118
7940 0.00000125
7950 0.00000095
7955 0.00000139
7959 0.00000091
8060 0.00000149
8088 0.00000198
8144 0.00000152
8145 0.00000150
8166 0.00000167
8194 0.00000145
8198 0.00000120
8204 0.00000463
8209 0.00000145
8219 0.00000142
8233 0.00000123
8270 0.00000118
8311 0.00000106
8322 0.00000137
8334 0.00000135
8352 0.00000145
8353 0.00000139
8354 0.00000135
8355 0.00000132
8356 0.00000147
8357 0.00000181
8358 0.00000117
8360 0.00000122
8377 0.00000091
8396 0.00000138
8433 0.00000144
8452 0.00000112
8504 0.00000292
8522 0.00000152
8589 0.00000130
8633 0.00000165
8677 0.00000122
8683 0.00000179
8687 0.00000261
8714 0.00000138
8728 0.00000128
8775 0.00000264
8779 0.00000104
8848 0.00000128
8849 0.00000137
8850 0.00000131
8851 0.00000139
8852 0.00000133
8893 0.00000117
9079 0.00000491
9105 0.00000166
9223 0.00000192
9228 0.00000309
9236 0.00000090
9239 0.00000984
9251 0.00000122
9252 0.00000151
9257 0.00000114
9288 0.00000098
9316 0.00004449
9317 0.00000257
9334 0.00000529
9356 0.00000164
9386 0.00000234
9510 0.00000138
9550 0.00000095
9568 0.00000153
9602 0.00000225
10186 0.00000093
10272 0.00000126
10568 0.00002843
10571 0.00000655
10577 0.00000661
10597 0.00000587
10623 0.00000190
10635 0.00000107
10707 0.00000143
10814 0.00000172
10817 0.00000154
10829 0.00000668
10835 0.00000100
10843 0.00000119
10846 0.00000188
10854 0.00000112
10882 0.00000155
10886 0.00000140
10930 0.00000139
10958 0.00000095
10991 0.00000142
10992 0.00000122
11006 0.00000135
11007 0.00000139
11008 0.00000139
11009 0.00000146
11010 0.00000142
11020 0.00000145
11021 0.00000144
11025 0.00000138
11040 0.00000164
11063 0.00000144
11090 0.00000771
11095 0.00000127
11119 0.00000134
11127 0.00000128
11141 0.00000133
11152 0.00000137
11158 0.00000143
11164 0.00000135
11170 0.00000134
11184 0.00000147
11185 0.00000097
11188 0.00000110
11237 0.00000106
11310 0.00000141
11311 0.00000155
11322 0.00000165
11323 0.00000138
11359 0.00000140
11360 0.00000143
11361 0.00000134
11362 0.00000137
11363 0.00000137
11435 0.00000286
11525 0.00000147
11600 0.00000208
11846 0.00000607
11861 0.00000103
11867 0.00004731
11873 0.00000219
11884 0.00000455
11887 0.00000454
11940 0.00000139
11957 0.00000145
11961 0.00000179
12027 0.00000093
12067 0.00000205
12102 0.00000092
12108 0.00000813
12176 0.00000095
12207 0.00000092
12229 0.00000132
12240 0.00000151
12314 0.00000107
12328 0.00000221
12463 0.00000110
12521 0.00000105
12620 0.00000140
13058 0.00000130
13270 0.00000230
13275 0.00000911
13373 0.00000155
13394 0.00000184
13404 0.00000528
13450 0.00000217
13451 0.00000127
13467 0.00000148
13543 0.00000106
13575 0.00000123
13645 0.00000112
13652 0.00000182
13658 0.00000101
13677 0.00000183
13696 0.00000155
13730 0.00000123
13736 0.00000369
13774 0.00000228
13828 0.00000206
13831 0.00000110
13861 0.00000140
13869 0.00000238
13946 0.00000112
13964 0.00000169
13972 0.00000092
13986 0.00000096
14121 0.00000143
14170 0.00000091
14531 0.00000229
14532 0.00002236
14533 0.00002912
14539 0.00000330
14560 0.00000342
14579 0.00000718
14580 0.00000109
14587 0.00000196
14589 0.00000200
14607 0.00000104
14632 0.00000159
14653 0.00000591
14708 0.00000231
14734 0.00000107
14761 0.00000164
14775 0.00000116
14790 0.00000552
14849 0.00000746
14853 0.00000247
14944 0.00000215
14985 0.00000090
14987 0.00000118
15068 0.00000098
15105 0.00000145
15340 0.00000125
15573 0.00002556
15601 0.00000113
15606 0.00000213
15613 0.00000353
15624 0.00000106
15660 0.00000224
15787 0.00000566
15788 0.00000136
15789 0.00000184
15790 0.00000154
15791 0.00000140
15792 0.00000138
15793 0.00000152
15794 0.00000166
15795 0.00000135
15796 0.00000138
15797 0.00000142
15798 0.00000139
15799 0.00000145
15800 0.00000150
15801 0.00000139
15802 0.00000154
15803 0.00000145
15804 0.00000149
15805 0.00000146
15806 0.00000145
15809 0.00000143
15812 0.00000142
15813 0.00000139
15814 0.00000132
15815 0.00000145
15816 0.00000139
15817 0.00000142
15818 0.00000143
15819 0.00000143
15820 0.00000146
15822 0.00000137
15831 0.00000138
15842 0.00000152
15843 0.00000186
15844 0.00000294
15845 0.00000139
15846 0.00000141
15847 0.00000135
15848 0.00000140
15849 0.00000163
15854 0.00000135
15855 0.00000140
15856 0.00000203
15857 0.00000144
15861 0.00000136
15862 0.00000134
15864 0.00000142
15865 0.00000129
15866 0.00000137
15873 0.00000128
15874 0.00000124
15878 0.00000132
15881 0.00000117
15883 0.00000132
15888 0.00000143
15892 0.00000141
15911 0.00000231
15913 0.00000385
15920 0.00000143
15922 0.00000138
15935 0.00000138
15936 0.00000156
15940 0.00000138
15945 0.00000195
15947 0.00000134
15954 0.00000131
15968 0.00000140
15971 0.00000141
15972 0.00000145
15982 0.00000145
15983 0.00000134
15986 0.00000138
15987 0.00000133
15988 0.00000137
15990 0.00000135
15996 0.00000137
16011 0.00000139
16018 0.00000143
16022 0.00000129
16025 0.00000144
16040 0.00000138
16043 0.00000160
16075 0.00000135
16076 0.00000138
16083 0.00000150
16088 0.00000143
16089 0.00000150
16090 0.00000144
16091 0.00000136
16112 0.00000134
16179 0.00000134
16181 0.00000137
16191 0.00000129
16192 0.00000135
16202 0.00000134
16642 0.00000129
16716 0.00000175
16749 0.00000229
16766 0.00000225
16772 0.00000113
16846 0.00000210
16854 0.00000097
16880 0.00000164
17123 0.00000112
17454 0.00000104
17514 0.00000155
17515 0.00000192
17524 0.00000120
17526 0.00000124
17538 0.00000203
17541 0.00000128
17626 0.00000266
17633 0.00000121
17675 0.00000232
17715 0.00000404
17725 0.00000100
17727 0.00000108
17730 0.00000536
17748 0.00000103
17752 0.00000115
17771 0.00000202
17791 0.00000114
17867 0.00001657
18081 0.00000176
18091 0.00000105
18110 0.00000897
18130 0.00000221
18184 0.00000093
18213 0.00000115
18315 0.00000107
18435 0.00000234
18503 0.00000094
18524 0.00000150
18831 0.00000498
18836 0.00000273
18838 0.00000148
18839 0.00000220
18856 0.00000172
18858 0.00000262
18859 0.00000391
18879 0.00000183
18890 0.00000291
18902 0.00000138
18926 0.00000246
18934 0.00000102
18947 0.00000618
18957 0.00000166
18964 0.00000290
18967 0.00000415
18985 0.00000273
18987 0.00000187
19001 0.00000204
19004 0.00000360
19006 0.00000183
19038 0.00001005
19042 0.00000091
19058 0.00000250
19065 0.00000174
19127 0.00000093
19137 0.00000140
19159 0.00000239
19189 0.00000210
19201 0.00000095
19260 0.00000097
19271 0.00000177
19291 0.00000228
19301 0.00000150
19323 0.00000180
19331 0.00000286
19346 0.00000210
19347 0.00000149
19348 0.00000229
19349 0.00000146
19350 0.00000147
19351 0.00000149
19352 0.00000162
19353 0.00000152
19354 0.00000160
19355 0.00000141
19389 0.00000140
19452 0.00000140
19457 0.00000235
19459 0.00000144
19497 0.00000146
19501 0.00000117
19514 0.00000147
19516 0.00000143
19524 0.00000149
19530 0.00000139
19541 0.00000248
19571 0.00000250
19579 0.00000136
19582 0.00000150
19590 0.00000433
19596 0.00000147
19624 0.00000129
19629 0.00000154
19631 0.00000146
19632 0.00000137
19633 0.00000349
19635 0.00000158
19648 0.00000132
19653 0.00000151
19654 0.00000136
19655 0.00000141
19659 0.00000142
19660 0.00000142
19672 0.00000135
19674 0.00000181
19675 0.00000132
19676 0.00000142
19677 0.00000150
19684 0.00000141
19728 0.00001710
19773 0.00000147
19818 0.00000142
19849 0.00000139
19865 0.00000144
19876 0.00000120
19976 0.00000141
19977 0.00000173
19978 0.00000129
20053 0.00000137
20054 0.00000135
20119 0.00000106
20141 0.00000153
20171 0.00000104
20180 0.00000194
20196 0.00000147
20197 0.00000147
20198 0.00000147
20199 0.00000140
20206 0.00000218
20209 0.00000139
20210 0.00000150
20211 0.00000143
20223 0.00000141
20273 0.00000140
20314 0.00000143
20315 0.00000342
20316 0.00000140
20329 0.00000151
20381 0.00000117
20427 0.00000146
20572 0.00000108
20585 0.00000146
20586 0.00000135
20587 0.00000172
20629 0.00000165
20760 0.00000102
20780 0.00000187
20966 0.00000226
20986 0.00000117
21001 0.00000222
21114 0.00000104
21133 0.00000124
21134 0.00000157
21139 0.00000536
21148 0.00001228
21182 0.00000128
21184 0.00000206
21211 0.00000635
21212 0.00000151
21216 0.00000179
21217 0.00000220
21241 0.00001210
21255 0.00000124
21265 0.00000353
21289 0.00000170
21292 0.00000151
21342 0.00000104
21362 0.00000161
21383 0.00000374
21446 0.00000131
21447 0.00000169
21448 0.00000132
21452 0.00000134
21460 0.00000206
21461 0.00000137
21522 0.00000129
21526 0.00000136
21565 0.00000146
21574 0.00000130
21575 0.00000140
21576 0.00000135
21577 0.00000154
21578 0.00000132
21579 0.00000126
21580 0.00000135
21581 0.00000122
21602 0.00000178
21631 0.00000134
21647 0.00000139
21648 0.00000445
21649 0.00000161
21650 0.00000338
21651 0.00000113
21654 0.00000547
21667 0.00000155
21726 0.00000138
21758 0.00000140
21759 0.00000140
21760 0.00000139
21761 0.00000133
21762 0.00000134
21763 0.00000160
21764 0.00000141
21780 0.00000241
21798 0.00000137
21805 0.00000147
21806 0.00000126
21809 0.00000299
21844 0.00000094
21882 0.00000445
21954 0.00000194
21969 0.00000098
21980 0.00000139
22018 0.00000149
22060 0.00000328
22093 0.00000213
22194 0.00000157
22198 0.00000239
22199 0.00000551
22217 0.00000151
22218 0.00000772
22219 0.00000205
22221 0.00000163
22278 0.00000229
22303 0.00000111
22308 0.00000133
22309 0.00000165
22333 0.00000152
22340 0.00000252
22341 0.00000135
22345 0.00000143
22347 0.00000155
22348 0.00000179
22366 0.00000155
22367 0.00000174
22403 0.00000136
22434 0.00000136
22435 0.00000124
22436 0.00000141
22437 0.00000157
22440 0.00000155
22442 0.00000148
22446 0.00000147
22454 0.00000157
22489 0.00000189
22523 0.00000106
22525 0.00000150
22527 0.00000155
22530 0.00000158
22536 0.00000161
22542 0.00000152
22543 0.00000153
22545 0.00000148
22549 0.00000150
22554 0.00000142
22555 0.00000164
22556 0.00000153
22568 0.00000139
22570 0.00000132
22571 0.00000133
22572 0.00000138
22576 0.00000185
22706 0.00000106
22719 0.00000102
22916 0.00000200
22921 0.00000164
22926 0.00000189
22936 0.00001189
22939 0.00000181
22943 0.00000297
22949 0.00000715
22975 0.00000115
22986 0.00000124
22989 0.00000887
22997 0.00000215
23015 0.00000099
23033 0.00000663
23034 0.00000270
23037 0.00000306
23041 0.00000201
23049 0.00000116
23056 0.00000123
23070 0.00000303
23195 0.00000106
23208 0.00001075
23221 0.00000148
23235 0.00000712
23249 0.00000184
23273 0.00000092
23315 0.00000152
23332 0.00000692
23420 0.00000157
23440 0.00000829
23503 0.00000195
23588 0.00000158
23604 0.00000102
23623 0.00000149
23627 0.00000151
23634 0.00000156
23683 0.00000134
23707 0.00000099
23844 0.00000163
23885 0.00000248
23893 0.00001642
23915 0.00000192
23922 0.00000156
23964 0.00000105
23996 0.00000476
24077 0.00000132
24109 0.00000109
24110 0.00000116
24113 0.00000257
24230 0.00000092
24355 0.00000209
24388 0.00000097
24539 0.00000128
24578 0.00000113
24624 0.00000274
24638 0.00000183
24864 0.00000100
24949 0.00000094
25061 0.00000101
25101 0.00000227
25391 0.00001320
25405 0.00000302
25410 0.00000105
25412 0.00000153
25414 0.00000143
25421 0.00000153
25423 0.00000347
25426 0.00000217
25431 0.00000261
25433 0.00000102
25445 0.00001994
25458 0.00000473
25475 0.00000190
25507 0.00000174
25510 0.00000531
25520 0.00000113
25532 0.00000151
25645 0.00000093
25679 0.00000164
25715 0.00000244
25734 0.00000108
25735 0.00000246
25736 0.00000105
25936 0.00000134
26061 0.00000351
26086 0.00000310
26168 0.00000254
26239 0.00000551
26291 0.00000124
26437 0.00000095
26667 0.00002001
26678 0.00000118
26685 0.00000125
26689 0.00000126
26700 0.00000165
26713 0.00000123
26714 0.00000133
26716 0.00000207
26717 0.00000100
26740 0.00000109
26741 0.00000248
26746 0.00000099
26748 0.00001059
26750 0.00000356
26751 0.00000155
26769 0.00000361
26779 0.00000700
26787 0.00000484
26795 0.00000131
26808 0.00000181
26825 0.00000539
26827 0.00000109
26828 0.00000109
26830 0.00000436
26840 0.00000228
26847 0.00000131
26853 0.00000143
26956 0.00000120
26964 0.00000204
26977 0.00000204
26989 0.00000107
26994 0.00001375
27008 0.00000098
27009 0.00000244
27019 0.00000448
27058 0.00000107
27126 0.00000273
27278 0.00000117
27308 0.00000101
27318 0.00000401
27338 0.00000246
27358 0.00000126
27421 0.00000217
27529 0.00000092
27530 0.00000217
27531 0.00000150
27532 0.00000156
27533 0.00000150
27619 0.00000147
27643 0.00000138
27650 0.00000152
27651 0.00000149
27687 0.00000227
27698 0.00000176
27720 0.00000103
27765 0.00000147
27843 0.00000174
27862 0.00000568
27886 0.00000111
27889 0.00000152
27934 0.00000154
27935 0.00000173
27947 0.00000151
27948 0.00000146
27949 0.00000154
27989 0.00000153
27990 0.00000147
27992 0.00000112
27993 0.00000154
27996 0.00000115
27999 0.00000150
28020 0.00000153
28021 0.00000161
28022 0.00000115
28023 0.00000402
28030 0.00000151
28145 0.00000161
28146 0.00000158
28147 0.00000153
28148 0.00000162
28178 0.00000154
28202 0.00000155
28203 0.00000194
28204 0.00000158
28296 0.00000161
28395 0.00000145
28397 0.00000109
28436 0.00000092
28488 0.00000155
28504 0.00000216
28544 0.00000161
28741 0.00000133
28825 0.00000127
28830 0.00000160
28908 0.00000187
28927 0.00000103
28972 0.00000100
29265 0.00000445
29631 0.00000101
29639 0.00000091
29773 0.00000229
29776 0.00000167
29789 0.00000132
29810 0.00000768
29812 0.00000169
29816 0.00000112
29831 0.00000653
29838 0.00000101
29918 0.00000240
29919 0.00000142
29944 0.00000183
29992 0.00000103
30057 0.00000354
30107 0.00000339
30118 0.00000363
30128 0.00000439
30188 0.00000119
30322 0.00000155
30353 0.00000116
30395 0.00000205
30503 0.00000143
30579 0.00000126
30636 0.00000096
30653 0.00000094
30680 0.00000388
30863 0.00000187
31004 0.00000169
31130 0.00000227
31516 0.00000098
31600 0.00000110
31642 0.00000118
31716 0.00000167
31717 0.00003758
31737 0.00000361
31740 0.00000161
31750 0.00000409
31756 0.00000217
31767 0.00000247
31769 0.00000362
31793 0.00000122
31794 0.00000218
31796 0.00000228
31797 0.00000261
31816 0.00000202
31843 0.00000154
31901 0.00000144
31922 0.00000189
32005 0.00000126
32031 0.00000111
32070 0.00000511
32083 0.00000547
32087 0.00000322
32088 0.00000151
32090 0.00000197
32113 0.00000325
32127 0.00000143
32223 0.00000093
32231 0.00000190
32374 0.00000415
32427 0.00000141
32432 0.00000389
32558 0.00000140
32571 0.00000131
32578 0.00000132
32611 0.00000192
32616 0.00000164
32706 0.00000257
32897 0.00000209
32905 0.00000233
32908 0.00000146
32927 0.00002065
32961 0.00000115
33127 0.00000339
33166 0.00000135
33306 0.00000157
33545 0.00000125
33611 0.00000096
33613 0.00000332
33645 0.00000128
33673 0.00000117
33804 0.00000099
33898 0.00000141
34040 0.00000126
34052 0.00000121
34059 0.00000096
34069 0.00000094
34138 0.00000114
34244 0.00000129
34273 0.00000225
34399 0.00000211
34415 0.00000151
34545 0.00000393
34548 0.00001767
34549 0.00000794
34550 0.00000636
34551 0.00002254
34553 0.00001458
34555 0.00000425
34556 0.00000435
34557 0.00000486
34558 0.00000338
34567 0.00000109
34568 0.00000146
34569 0.00000162
34570 0.00000194
34571 0.00000420
34573 0.00000259
34575 0.00000484
34577 0.00000280
34578 0.00000912
34583 0.00000115
34584 0.00000557
34592 0.00000091
34593 0.00000330
34594 0.00000375
34595 0.00000345
34598 0.00000958
34600 0.00000279
34601 0.00001180
34602 0.00000478
34604 0.00000506
34605 0.00000308
34606 0.00000527
34608 0.00000344
34609 0.00000341
34610 0.00000713
34612 0.00000516
34613 0.00000170
34614 0.00000461
34615 0.00000127
34616 0.00000312
34617 0.00000298
34618 0.00000256
34620 0.00000091
34622 0.00000544
34623 0.00000204
34624 0.00000622
34625 0.00000096
34629 0.00000499
34630 0.00000489
34631 0.00000546
34632 0.00000480
34633 0.00000111
34635 0.00000927
34636 0.00001146
34637 0.00000288
34639 0.00000264
34640 0.00000940
34641 0.00000193
34644 0.00000095
34646 0.00000154
34647 0.00001293
34648 0.00000600
34649 0.00000282
34650 0.00000278
34651 0.00000263
34652 0.00000250
34653 0.00000293
34654 0.00000790
34655 0.00000679
34656 0.00000373
34658 0.00001068
34659 0.00000559
34661 0.00000793
34662 0.00000533
34663 0.00001006
34664 0.00000609
34665 0.00000363
34666 0.00000146
34667 0.00000160
34668 0.00000222
34669 0.00000926
34670 0.00000859
34671 0.00000754
34672 0.00000525
34673 0.00000398
34674 0.00000350
34675 0.00000337
34676 0.00000393
34677 0.00000312
34679 0.00000237
34680 0.00000191
34684 0.00000397
34689 0.00000316
34690 0.00000315
34691 0.00000630
34699 0.00000121
34701 0.00000191
34703 0.00000977
34706 0.00000096
34707 0.00000232
34708 0.00000487
34711 0.00000235
34712 0.00000207
34713 0.00000228
34714 0.00000239
34715 0.00000217
34716 0.00000188
34717 0.00000589
34724 0.00000349
34725 0.00000176
34726 0.00000753
34746 0.00000175
34748 0.00000706
34749 0.00000680
34750 0.00000622
34751 0.00000751
34752 0.00000802
34753 0.00000820
34754 0.00000914
34755 0.00000925
34756 0.00000952
34760 0.00000882
34761 0.00000898
34762 0.00000148
34763 0.00000179
34767 0.00000169
34768 0.00000167
34769 0.00000188
34770 0.00000168
34771 0.00000170
34772 0.00000187
34773 0.00000195
34775 0.00000342
34776 0.00000922
34777 0.00000212
34781 0.00000140
34784 0.00000166
34785 0.00000182
34786 0.00000189
34787 0.00000172
34788 0.00000169
34789 0.00000165
34790 0.00000246
34791 0.00000237
34792 0.00000217
34793 0.00000222
34794 0.00000221
34800 0.00000092
34844 0.00000197
34845 0.00000197
34846 0.00000915
34847 0.00000883
34851 0.00000514
34863 0.00000340
34864 0.00000379
34865 0.00000496
34866 0.00000361
34867 0.00000336
34903 0.00000116
34911 0.00000391
34919 0.00000520
34921 0.00000115
34922 0.00000106
34931 0.00000102
34937 0.00000141
34938 0.00000170
34939 0.00000354
34948 0.00000093
34950 0.00000124
34951 0.00000113
34952 0.00000122
34953 0.00000543
34954 0.00000127
34955 0.00000110
34967 0.00000096
34968 0.00000191
34979 0.00000405
34980 0.00000376
34981 0.00000356
34982 0.00000497
34983 0.00000133
35014 0.00000131
35015 0.00000131
35021 0.00000105
35068 0.00000116
35071 0.00000104
35075 0.00000140
35242 0.00000122
35243 0.00000133
35491 0.00000135
35502 0.00001731
35514 0.00000105
35515 0.00000106
35516 0.00000108
35517 0.00000095
35518 0.00000099
35520 0.00000093
35522 0.00000096
35524 0.00002982
35825 0.00000194
35984 0.00003139
36163 0.00002089
36164 0.00003562
36165 0.00004466
36511 0.00000224
36581 0.00000114
36582 0.00000227
36637 0.00000137
36656 0.00000215
36741 0.00000148
36787 0.00000156
36877 0.00000121
36922 0.00000104
36995 0.00000105
37299 0.00000106
37398 0.00000150
37516 0.00000111
37575 0.00000222
37585 0.00000127
37589 0.00000121
37605 0.00000137
37617 0.00000091
37653 0.00000216
37754 0.00000165
37756 0.00000119
37765 0.00000144
37966 0.00000092
38112 0.00000112
38138 0.00000233
38168 0.00000212
38236 0.00000134
38284 0.00000206
38391 0.00000118
38473 0.00000810
38490 0.00000106
38493 0.00000814
38498 0.00000447
38520 0.00000142
38523 0.00000888
38539 0.00000111
38723 0.00000265
38776 0.00000459
38859 0.00000152
39127 0.00000115
39206 0.00000104
39262 0.00000136
39387 0.00000142
39443 0.00000114
39806 0.00000444
40594 0.00000136
40621 0.00000563
41978 0.00000132
42556 0.00000563
43076 0.00000095
43719 0.00000211
43807 0.00000137
44098 0.00000106
44357 0.00000141
44421 0.00000179
44632 0.00000193
44635 0.00000160
44719 0.00000092
44938 0.00000246
44940 0.00000112
45139 0.00000132
45353 0.00000252
45470 0.00000192
45644 0.00000114
45715 0.00000114
45856 0.00000093
46252 0.00000125
46539 0.00000123
46973 0.00000125
47384 0.00000260
47737 0.00000178
47751 0.00000098
47752 0.00000093
47905 0.00000136
47923 0.00000093
47945 0.00000096
48189 0.00000148
48338 0.00000209
48361 0.00000111
48519 0.00000117
48607 0.00000113
48768 0.00000166
48830 0.00000284
48831 0.00000796
48916 0.00000126
48936 0.00000117
49116 0.00000121
49121 0.00000120
49417 0.00000103
49728 0.00000495
49827 0.00000103
49842 0.00000205
50100 0.00000215
50435 0.00000177
50510 0.00000447
50548 0.00000113
50549 0.00000133
50585 0.00000473
50650 0.00000136
51231 0.00000123
51503 0.00000122
51509 0.00000221
51550 0.00000144
51585 0.00000092
51611 0.00000107
51763 0.00000139
51928 0.00000127
51983 0.00000099
52230 0.00000109
52234 0.00000186
52847 0.00000097
52911 0.00000302
53016 0.00000117
53117 0.00000125
53207 0.00000202
53274 0.00000100
53295 0.00000111
53509 0.00000787
53518 0.00000100
53707 0.00000117
53766 0.00000383
53837 0.00000119
53838 0.00000190
53842 0.00000250
53846 0.00000194
53848 0.00000104
53849 0.00000217
54753 0.00000141
55284 0.00000099
55633 0.00000093
55688 0.00000096
55866 0.00000293
55880 0.00000136
55904 0.00000121
55959 0.00000413
55974 0.00000095
56083 0.00000122
56230 0.00000107
56231 0.00000104
56242 0.00000102
56276 0.00000521
56615 0.00000091
57070 0.00001693
57654 0.00000125
57707 0.00000118
57744 0.00000130
58089 0.00000172
58185 0.00000096
58592 0.00000144
58733 0.00000107
58846 0.00000245
58893 0.00000165
59051 0.00000366
59211 0.00000160
59252 0.00000094
59435 0.00000093
59512 0.00000093
59686 0.00000127
59731 0.00000091
59769 0.00000091
59801 0.00000092
60706 0.00000139
60969 0.00000098
61024 0.00000091
61708 0.00000111
61763 0.00000115
62027 0.00000214
62028 0.00000101
62620 0.00000100
62798 0.00000210
64065 0.00000524
64290 0.00000103
64313 0.00000161
64646 0.00000537
64777 0.00000155
66401 0.00000236
66540 0.00000107
66633 0.00000100
67214 0.00000132
67767 0.00000178
68085 0.00000107
68659 0.00000197
68736 0.00000256
68761 0.00000133
68854 0.00000990
69328 0.00000133
69801 0.00000126
69880 0.00000140
69894 0.00000565
70260 0.00000253
70348 0.00000091
70385 0.00000137
71070 0.00000098
71432 0.00000152
72311 0.00000115
72465 0.00000528
72487 0.00000280
72758 0.00000090
72760 0.00002131
72949 0.00000095
73010 0.00000119
73021 0.00000106
73205 0.00000131
74711 0.00000134
75595 0.00000127
75763 0.00000123
75799 0.00000099
76093 0.00000195
76749 0.00000399
76762 0.00000228
76972 0.00000584
77741 0.00000200
77795 0.00000095
80803 0.00000129
81061 0.00000093
82755 0.00000098
82762 0.00000097
84303 0.00000188
86314 0.00000108
86359 0.00000113
88885 0.00000123
88945 0.00001682
90138 0.00000192
92357 0.00000099
92995 0.00000091
94154 0.00000146
95405 0.00000145
98066 0.00000445
99430 0.00000111
100730 0.00000181
101146 0.00000225
102226 0.00000127
102449 0.00000380
105219 0.00000170
108956 0.00000645
113509 0.00000132
113604 0.00000115
124802 0.00000125
124904 0.00000094
125293 0.00000102
125315 0.00000092
128608 0.00002000
140286 0.00000111
142473 0.00000091
143486 0.00000193
143759 0.00000147
145166 0.00000092
147101 0.00000283
147575 0.00000822
148537 0.00000090
148988 0.00000127
149139 0.00000098
149306 0.00000093
149536 0.00000127
151921 0.00000133
152735 0.00000145
156540 0.00000311
156541 0.00000113
156653 0.00000111
156702 0.00000406
156992 0.00000187
159031 0.00000100
160463 0.00000098
164945 0.00000090
165100 0.00000195
165108 0.00000093
166852 0.00000094
167409 0.00000155
167800 0.00000197
167897 0.00000090
169208 0.00000165
170346 0.00000151
170584 0.00001633
170691 0.00000581
171052 0.00000189
171166 0.00000242
172121 0.00000158
173088 0.00000541
179252 0.00000392
179375 0.00000096
180244 0.00000130
180752 0.00000368
181337 0.00000119
184334 0.00000090
184805 0.00000199
185435 0.00000168
185604 0.00000434
186266 0.00000103
186932 0.00000164
187749 0.00000282
188171 0.00000314
188874 0.00000107
189599 0.00000111
191162 0.00000095
192093 0.00000221
193135 0.00000280
195149 0.00000095
198741 0.00000096
198778 0.00000293
198842 0.00000165
198843 0.00000100
199023 0.00000103
202009 0.00000116
202354 0.00000327
202482 0.00000276
205075 0.00000091
211405 0.00000100
211490 0.00000202
212182 0.00000210
216428 0.00000094
222346 0.00000104
224478 0.00000109
229379 0.00000110
229422 0.00000156
231170 0.00000197
231623 0.00000170
232346 0.00000357
233632 0.00000099
234954 0.00000128
235723 0.00000115
248694 0.00000183
255919 0.00000194
261949 0.00000098
265083 0.00000114
269771 0.00000300
270906 0.00000092
273285 0.00001651
274273 0.00000110
276115 0.00000091
290809 0.00000103
294628 0.00000091
295079 0.00000096
299959 0.00000122
302754 0.00000101
305286 0.00000187
322108 0.00000107
325329 0.00000140
332442 0.00000102
332996 0.00000234
334751 0.00000185
339716 0.00000269
347711 0.00000105
349303 0.00000185
350939 0.00000119
351305 0.00000145
360126 0.00000098
364118 0.00000092
370914 0.00000123
371248 0.00000092
375986 0.00000361
381399 0.00000093
381447 0.00000103
384695 0.00000093
385237 0.00000114
390875 0.00000117
396466 0.00000146
400297 0.00000113
404013 0.00000167
405440 0.00000273
410219 0.00000725
416813 0.00000094
423161 0.00000312
428681 0.00000199
432383 0.00000900
440702 0.00000120
447177 0.00000132
447277 0.00000262
450654 0.00000140
457055 0.00000498
492476 0.00000095
498104 0.00000121
504309 0.00000140
506181 0.00000323
521555 0.00000216
525308 0.00000095
528282 0.00000903
548981 0.00000255
549204 0.00000106
550422 0.00000362
554992 0.00000149
585629 0.00000094
603055 0.00000118
606848 0.00000769
610214 0.00000098
613987 0.00000129
644233 0.00000355
645042 0.00001345
649702 0.00000242
678583 0.00000105
682482 0.00000160
683166 0.00000092
725252 0.00000179
727810 0.00000098
730350 0.00000144
775859 0.00000132
903378 0.00000136
923482 0.00000093
937971 0.00001874
1052571 0.00000152
1095706 0.00000188
1176679 0.00000093
1236266 0.00000107
1270655 0.00000155
1326373 0.00000122
1336512 0.00000155
1339886 0.00000374
1596317 0.00001496
1607203 0.00000218
1645518 0.00000361
1707053 0.00000940
1755460 0.00000131
1990430 0.00000109
2206131 0.00000127
2208839 0.00000190
2402376 0.00000094
2612960 0.00000141
2632114 0.00000111
2646471 0.00000132
2731583 0.00000122
2809636 0.00000122
2813519 0.00000123
2839690 0.00000113
2855554 0.00000242
2920983 0.00000523
3036154 0.00000107
3267529 0.00000229
3292675 0.00000113
3349146 0.00000229
3391396 0.00000153
3414021 0.00000195
3434750 0.00010967
3524766 0.00000106
3540931 0.00000428
3565457 0.00000124
3607937 0.00000715
3966054 0.00000999
3996971 0.00000099
4033519 0.00000123
4250553 0.00000137
4269567 0.00000104
4349459 0.00000280
4576465 0.00000145
4599312 0.00000092
4637590 0.00000103
4689264 0.00003178
4689460 0.00000382
4689664 0.00000472
4699587 0.00000375
4732785 0.00000187
4764461 0.00000928
4848143 0.00000112
4913064 0.00001265
5042481 0.00000351
5042765 0.00000157
5042862 0.00001286
5042916 0.00003948
5043544 0.00000540
5058690 0.00000162
5058739 0.00001316
5069516 0.00000129
5171128 0.00000108
5183633 0.00000106
5334607 0.00000488
5475263 0.00000133
5488304 0.00000121
5736477 0.00000130
5843419 0.00003254
6037917 0.00000289
6048708 0.00000136
6097240 0.00000177
6097297 0.00000192
6668778 0.00000115
6674929 0.00000118
7250299 0.00000094
7279897 0.00000117
7499455 0.00000102
7515849 0.00000195
7515890 0.00000097
7515928 0.00000307
7515964 0.00000115
7670505 0.00000153
7878457 0.00000174
7954422 0.00000139
7954455 0.00000128
7954681 0.00000389
7954867 0.00000499
7955325 0.00000118
8087628 0.00000415
8166296 0.00000090
8210131 0.00001166
8262427 0.00000113
8282374 0.00000103
8569916 0.00000911
9028799 0.00000176
9127632 0.00000131
9209651 0.00000202
9282173 0.00000549
9852159 0.00000144
10396793 0.00000092
10772350 0.00000262
10791746 0.00000119
10918072 0.00000180
11014498 0.00000262
11125639 0.00000729
11388236 0.00000282
11749232 0.00000203
12153654 0.00000116
12598742 0.00000143
12914898 0.00000127
13015878 0.00000295
13530298 0.00000356
13673345 0.00000269
13692155 0.00000284
