0.00009167 241
0.00004585 456
0.00000604 68
0.00004357 542
0.00000790 6
0.00000625 167
0.00003897 427
0.00003844 287
0.00003309 264
0.00002175 193
0.00000302 37
0.00001757 128
0.00002453 138
0.00004810 517
0.00002416 78
0.00017269 776
0.00001439 99
0.00002101 147
0.00001208 139
0.00000395 59
0.00037874 767
0.00001250 168
0.00004905 331
0.00004800 56
0.00005808 651
0.00005488 340
0.00001084 75
0.00001502 154
0.00001019 105
0.00001574 195
0.00001449 123
0.00000665 30
0.00003172 379
0.00003511 347
0.00000607 74
0.00009332 553
0.00005987 417
0.00002168 89
0.00004704 458
0.00000787 45
0.00001330 186
0.00001214 144
0.00004023 482
0.00000151 27
0.00002551 113
0.00000271 169
0.00005924 398
0.00002428 176
0.00005070 511
0.00000542 365
0.00001229 316
0.00000751 255
0.00002869 95
0.00013212 740
0.00005555 483
0.00001113 56
0.00000652 70
0.00000159 86
0.00003279 223
0.00000715 62
0.00006356 292
0.00001705 114
0.00002217 224
0.00004978 247
0.00001943 50
0.00000326 163
0.00002226 282
0.00001901 365
0.00001430 371
0.00003101 73
0.00004573 655
0.00006480 190
0.00002860 252
0.00006202 252
0.00001283 67
0.00003276 181
0.00003908 513
0.00001304 29
0.00004883 274
0.00001571 81
0.00006855 164
0.00003368 316
0.00001179 35
0.00006742 386
0.00001702 58
0.00004811 23
0.00004631 572
0.00005049 29
0.00000882 533
0.00002544 181
0.00004204 411
0.00002679 166
0.00001663 44
0.00000851 117
0.00005168 267
0.00001764 319
0.00001272 122
0.00001077 412
0.00001681 215
0.00009527 234
0.00001818 132
0.00005714 13
0.00003493 375
0.00000163 181
0.00000636 87
0.00002511 75
0.00002425 209
0.00003749 309
0.00002154 165
0.00001699 99
0.00000909 60
0.00000441 37
0.00000318 77
0.00003398 247
0.00000372 101
0.00004308 529
0.00005619 290
0.00000646 311
0.00000421 59
0.00006290 195
0.00002091 296
0.00000744 177
0.00002857 113
0.00000323 46
0.00005022 576
0.00004850 180
0.00000842 110
0.00003326 178
0.00001488 73
0.00003528 246
0.00011523 459
0.00001051 90
0.00001684 56
0.00001497 151
0.00006652 423
0.00003404 8
0.00001292 38
0.00000810 171
0.00001638 162
0.00001954 241
0.00001295 58
0.00000903 89
0.00001620 82
0.00004431 464
0.00000819 64
0.00000977 140
0.00004705 429
0.00001806 159
0.00002783 392
0.00000093 71
0.00004434 16
0.00003886 478
0.00005037 510
0.00000405 210
0.00010169 35
0.00001589 660
0.00000186 59
0.00005095 60
0.00000784 130
0.00003231 116
0.00004856 475
0.00000672 281
0.00033265 168
0.00002535 51
0.00000588 71
0.00004719 472
0.00000150 518
0.00001568 182
0.00000336 105
0.00005102 428
0.00014246 384
0.00000294 242
0.00000075 96
0.00000196 2
0.00001586 193
0.00004945 214
0.00001491 33
0.00002688 211
0.00004336 234
0.00002774 113
0.00004076 475
0.00000392 34
0.00000793 90
0.00002982 201
0.00001344 52
0.00004737 472
0.00001387 111
0.00001176 60
0.00003148 439
0.00002059 73
0.00000049 16
0.00000042 74
0.00002767 42
0.00000662 81
0.00005809 416
0.00002400 96
0.00002904 204
0.00002744 137
0.00000098 21
0.00000453 97
0.00009307 278
0.00005701 359
0.00000021 24
0.00004051 519
0.00005000 527
0.00017618 1007
0.00000331 210
0.00001200 137
0.00001372 171
0.00001452 63
0.00000906 37
0.00004954 280
0.00000168 34
0.00004350 497
0.00006357 149
0.00000147 44
0.00002471 373
0.00008577 510
0.00000600 15
0.00000726 61
0.00000686 142
0.00000961 9
0.00001690 228
0.00001812 97
0.00000084 114
0.00069829 810
0.00001324 126
0.00002741 173
0.00000300 21
0.00002639 20
0.00000363 47
0.00000343 787
0.00000845 67
0.00001922 62
0.00000065 18
0.00004392 480
0.00002937 335
0.00000297 79
0.00000732 15
0.00002565 182
0.00007201 384
0.00005018 141
0.00000130 42
0.00003595 474
0.00001627 270
0.00000741 276
0.00000594 26
0.00002899 212
0.00004514 552
0.00000366 21
0.00003219 165
0.00004540 538
0.00004624 227
0.00001167 184
0.00001188 86
0.00001482 37
0.00004487 240
0.00007341 192
0.00003100 203
0.00004929 341
0.00004606 488
0.00002334 52
0.00002376 143
0.00001693 189
0.00006200 213
0.00001464 103
0.00001040 51
0.00003999 537
0.00000831 77
0.00003035 123
0.00004582 426
0.00003335 192
0.00002080 185
0.00001265 195
0.00000389 53
0.00001314 8
0.00000260 26
0.00005225 210
0.00000778 45
0.00001503 69
0.00001193 136
0.00000183 38
0.00000657 45
0.00009489 463
0.00004923 182
0.00000520 240
0.00003541 96
0.00003553 131
0.00001556 220
0.00001271 260
0.00005862 291
0.00001845 129
0.00001607 190
0.00002625 231
0.00005868 279
0.00004621 473
0.00003660 60
0.00003044 195
0.00000401 135
0.00002495 234
0.00002449 393
0.00005190 544
0.00002365 162
0.00002263 200
0.00001522 134
0.00000802 48
0.00003026 92
0.00029982 15
0.00002553 189
0.00002279 423
0.00000761 59
0.00001604 398
0.00001513 27
0.00001345 131
0.00023887 455
0.00016449 347
0.00004609 520
0.00014515 400
0.00006064 321
0.00000683 77
0.00001722 83
0.00004361 487
0.00000998 27
0.00000546 60
0.00001063 41
0.00005004 371
0.00000861 76
0.00001996 335
0.00000273 46
0.00004511 506
0.00002732 97
0.00002025 256
0.00000781 62
0.00002184 335
0.00003904 475
0.00007035 370
0.00003291 164
0.00000799 75
0.00001366 263
0.00000499 20
0.00001562 138
0.00004014 505
0.00001092 135
0.00004419 454
0.00004395 492
0.00001598 279
0.00004993 481
0.00003349 132
0.00004445 326
0.00003124 53
0.00000456 30
0.00002007 163
0.00000976 157
0.00002727 160
0.00000228 20
0.00004368 450
0.00001952 133
0.00001729 111
0.00001859 160
0.00002407 141
0.00003992 95
0.00006413 236
0.00001824 304
0.00001525 528
0.00000244 263
0.00002162 82
0.00001251 166
0.00003444 239
0.00000157 69
0.00000912 124
0.00000488 28
0.00001081 546
0.00001708 33
0.00003208 150
0.00000314 23
0.00002632 86
0.00000061 28
0.00000796 12
0.00001455 147
0.00003032 182
0.00005654 574
0.00000854 237
0.00007749 317
0.00005380 177
0.00005429 132
0.00000628 106
0.00001316 399
0.00001381 34
0.00000122 155
0.00001592 139
0.00002910 185
0.00001516 101
0.00000427 241
0.00001256 76
0.00001467 159
0.00000658 31
0.00000114 93
0.00002595 148
0.00000199 47
0.00000915 143
0.00000758 43
0.00003690 174
0.00004145 528
0.00002934 72
0.00000329 221
0.00000057 18
0.00004463 503
0.00000398 65
0.00001830 86
0.00000379 70
0.00000268 79
0.00004065 458
0.00004273 547
0.00006677 319
0.00000536 32
0.00002245 146
0.00004867 174
0.00005084 329
0.00001072 117
0.00004160 112
0.00003324 132
0.00002013 168
0.00000833 245
0.00002144 99
0.00001547 160
0.00005060 150
0.00001323 82
0.00001613 212
0.00002291 4
0.00001666 160
0.00001135 155
0.00006511 126
0.00001114 239
0.00001156 180
0.00001746 52
0.00000775 82
0.00011438 650
0.00000549 138
0.00004157 509
0.00004047 186
0.00000873 179
0.00001458 314
0.00001550 199
0.00000067 98
0.00004383 330
0.00001098 127
0.00004178 472
0.00000289 44
0.00003254 189
0.00004657 226
0.00000729 197
0.00002257 214
0.00002193 317
0.00000134 102
0.00016628 1023
0.00002196 276
0.00000557 117
0.00000578 126
0.00003251 253
0.00016627 1096
0.00012523 280
0.00000175 21
0.00002482 195
0.00000826 114
0.00004646 109
0.00001799 115
0.00001991 51
0.00001241 58
0.00001673 137
0.00001652 10
0.00002583 144
0.00002345 145
0.00001290 221
0.00000709 142
0.00005267 317
0.00005035 271
0.00005563 489
0.00003052 229
0.00001409 188
0.00000645 51
0.00001418 187
0.00000413 162
0.00002818 83
0.00010880 449
0.00004291 516
0.00001325 305
0.00006016 39
0.00001158 223
0.00002800 200
0.00004920 597
0.00004196 451
0.00004595 459
0.00002316 262
0.00001400 284
0.00002235 251
0.00000700 117
0.00000350 83
0.00002681 328
0.00000579 13
0.00002699 54
0.00002197 152
0.00000674 13
0.00002393 174
0.00021770 462
0.00003525 404
0.00001342 92
0.00002049 191
0.00018998 380
0.00004727 120
0.00001609 22
0.00000337 31
0.00000673 90
0.00001789 202
0.00000677 515
0.00001715 183
0.00001781 63
0.00001346 131
0.00000965 168
0.00002107 176
0.00001367 172
0.00001309 155
0.00010344 550
0.00005331 111
0.00001348 186
0.00004428 480
0.00001930 252
0.00000671 31
0.00001735 154
0.00002618 138
0.00001529 97
0.00001476 73
0.00005261 628
0.00002589 139
0.00000905 219
0.00006977 342
0.00000947 198
0.00001198 17
0.00001747 147
0.00002952 313
0.00007642 93
0.00001810 63
0.00001894 302
0.00019238 85
0.00010165 235
0.00004660 188
0.00000369 15
0.00005630 530
0.00002387 110
0.00001686 151
0.00012916 853
0.00022850 248
0.00005143 268
0.00000738 39
0.00004869 275
0.00000843 42
0.00000599 77
0.00001872 359
0.00000048 30
0.00005570 136
0.00002809 388
0.00005001 516
0.00002815 169
0.00000936 45
0.00000096 63
0.00004774 539
0.00004321 430
0.00002179 107
0.00002821 306
0.00001104 136
0.00002221 354
0.00000468 298
0.00000012 7
0.00003620 196
0.00020474 786
0.00000552 24
0.00004792 504
0.00001259 48
0.00000234 72
0.00000024 15
0.00005178 248
0.00029471 173
0.00000276 46
0.00015630 205
0.00003494 117
0.00001165 52
0.00006390 381
0.00000117 130
0.00002214 252
0.00000768 279
0.00015605 941
0.00001912 66
0.00000138 37
0.00001107 18
0.00012478 360
0.00001536 366
0.00003562 267
0.00001557 216
0.00000956 198
0.00007766 272
0.00000069 49
0.00001293 39
0.00003589 354
0.00003189 67
0.00001918 412
0.00000192 50
0.00003578 155
0.00000478 28
0.00002745 134
0.00003430 211
0.00002838 42
0.00002613 269
0.00006378 626
0.00000384 51
0.00000959 87
0.00004763 462
0.00000239 32
0.00002619 452
0.00004098 446
0.00001419 153
0.00004887 550
0.00000376 196
0.00000085 5
0.00001854 13
0.00000105 57
0.00003693 97
0.00001863 145
0.00001817 187
0.00001406 74
0.00000752 52
0.00000170 58
0.00000927 126
0.00000615 24
0.00001947 173
0.00003357 305
0.00000703 187
0.00006619 388
0.00001504 128
0.00001230 74
0.00001049 212
0.00002460 159
0.00001759 18
0.00006703 112
0.00017175 545
0.00003209 37
0.00000763 47
0.00001360 66
0.00001680 162
0.00001284 51
0.00000047 15
0.00001526 219
0.00011272 332
0.00002720 304
0.00000840 49
0.00002568 170
0.00003803 204
0.00005047 148
0.00002555 147
0.00000094 14
0.00001425 103
0.00195336 873
0.00003346 67
0.00022544 823
0.00000340 119
0.00004690 459
0.00000420 111
0.00031778 416
0.00000321 173
0.00000188 49
0.00002850 446
0.00004964 459
0.00002323 114
0.00000680 353
0.00009415 46
0.00000210 157
0.00005205 506
0.00002597 164
0.00005160 325
0.00000642 94
0.00021200 188
0.00048345 508
0.00003982 198
0.00000651 87
0.00000141 25
0.00000073 179
0.00000344 19
0.00005451 493
0.00001543 176
0.00004241 494
0.00001717 130
0.00001841 80
0.00003149 62
0.00000125 73
0.00000146 412
0.00000688 98
0.00000561 120
0.00001470 127
0.00011484 814
0.00004934 476
0.00001483 69
0.00001376 201
0.00001122 1324
0.00000735 92
0.00004299 294
0.00002363 134
0.00002882 301
0.00007558 221
0.00001302 161
0.00002752 140
0.00001675 152
0.00002244 57
0.00001441 118
0.00002845 222
0.00009096 516
0.00003125 167
0.00001870 240
0.00001177 158
0.00001168 341
0.00000805 101
0.00001000 511
0.00003642 418
0.00000811 255
0.00005784 365
0.00002186 91
0.00001704 91
0.00004750 536
0.00000935 51
0.00001128 45
0.00002354 197
0.00002336 85
0.00000043 46
0.00001622 41
0.00001093 118
0.00000852 83
0.00000942 133
0.00000564 80
0.00000292 33
0.00000250 32
0.00000086 12
0.00002513 122
0.00001538 168
0.00000426 48
0.00000471 164
0.00011784 102
0.00000282 20
0.00000500 39
0.00000584 206
0.00000172 68
0.00003550 458
0.00000769 57
0.00000213 78
0.00004970 527
0.00001842 253
0.00001567 76
0.00002491 51
0.00004482 494
0.00000921 119
0.00003181 37
0.00007357 523
0.00004756 589
0.00000529 55
0.00004084 441
0.00001281 377
0.00001058 364
0.00004655 521
0.00003872 227
0.00002562 246
0.00005873 593
0.00002755 277
0.00002116 51
0.00003536 240
0.00000926 217
0.00001226 173
0.00001726 450
0.00004836 488
0.00004345 509
0.00001244 128
0.00001223 458
0.00001125 135
0.00001852 308
0.00000863 382
0.00003265 122
0.00001235 238
0.00004518 241
0.00000622 192
0.00004583 217
0.00006524 285
0.00002851 353
0.00001979 410
0.00000311 39
0.00002253 48
0.00000463 123
0.00000613 171
0.00000593 225
0.00000746 187
0.00000121 35
0.00003958 517
0.00001905 406
0.00000720 226
0.00002351 204
0.00001431 209
0.00000373 89
0.00027398 246
0.00000360 262
0.00004619 351
0.00002372 56
0.00002984 412
0.00005785 387
0.00021380 39
0.00002880 278
0.00013546 171
0.00003301 156
0.00001209 160
0.00001186 119
0.00002743 143
0.00001492 214
0.00002945 189
0.00001440 148
0.00006602 307
0.00002577 206
0.00002714 36
0.00001021 271
0.00004095 453
0.00009214 512
0.00001936 77
0.00005124 263
0.00001339 39
0.00007554 424
0.00000045 49
0.00003609 109
0.00004232 445
0.00001042 57
0.00001357 46
0.00001220 195
0.00004607 139
0.00000619 26
0.00000968 85
0.00010248 592
0.00009315 562
0.00004809 279
0.00000884 47
0.00002084 485
0.00000610 5
0.00001238 36
0.00004982 27
0.00000484 22
0.00002241 166
0.00001375 358
0.00006268 283
0.00000180 56
0.00000442 61
0.00000305 14
0.00002955 25
0.00000242 46
0.00002987 67
0.00002750 335
0.00003134 441
0.00000090 32
0.00001965 165
0.00001189 189
0.00000521 105
0.00000221 50
0.00001989 226
0.00002672 64
0.00020674 773
0.00000347 51
0.00002357 193
0.00004613 487
0.00001527 130
0.00000723 9
0.00001336 135
0.00000694 17
0.00001473 192
0.00001397 46
0.00000849 128
0.00003220 153
0.00001446 201
0.00000668 230
0.00010242 560
0.00001388 272
0.00001698 167
0.00002839 111
0.00001821 55
0.00005669 363
0.00004372 462
0.00005214 380
0.00000334 76
0.00002375 92
0.00008881 618
0.00004488 201
0.00001137 66
0.00000167 81
0.00001434 86
0.00003339 214
0.00001640 298
0.00005208 239
0.00004726 106
0.00002274 287
0.00002868 211
0.00000820 100
0.00003863 64
0.00001119 46
0.00002467 162
0.00000410 53
0.00001333 87
0.00002601 167
0.00002238 42
0.00010047 168
0.00002871 276
0.00000717 237
0.00000205 51
0.00000077 29
0.00005107 571
0.00000015 25
0.00002128 84
0.00001436 100
0.00000154 87
0.00048946 419
0.00003519 283
0.00010214 360
0.00000030 12
0.00001064 126
0.00000457 109
0.00003763 491
0.00001917 204
0.00004262 504
0.00000060 64
0.00000532 836
0.00000893 85
0.00000914 253
0.00000359 194
0.00006644 319
0.00002143 58
0.00001655 230
0.00003786 199
0.00010024 590
0.00000120 36
0.00000266 55
0.00001786 141
0.00001807 122
0.00001828 32
0.00000718 44
0.00003322 253
0.00001232 59
0.00000663 9
0.00002991 174
0.00000853 184
0.00000261 83
0.00002125 294
0.00000133 19
0.00000240 6
0.00001401 281
0.00004369 505
0.00002464 138
0.00000522 29
0.00001131 96
0.00000705 36
0.00000480 29
0.00005188 313
0.00011298 498
0.00002689 299
0.00000308 375
0.00000813 115
0.00002652 154
0.00005996 185
0.00000917 180
0.00002789 73
0.00001044 21
0.00001410 145
0.00000960 85
0.00001969 467
0.00004212 425
0.00067347 437
0.00000616 144
0.00001561 13
0.00001326 401
0.00001626 221
0.00001834 220
0.00002088 364
0.00001920 147
0.00000355 48
0.00008257 475
0.00002075 118
0.00001670 103
0.00000710 313
0.00000129 50
0.00000835 130
0.00001195 67
0.00001420 124
0.00004381 546
0.00005272 265
0.00015885 848
0.00004399 490
0.00001911 107
0.00008307 347
0.00010544 205
0.00004271 512
0.00001739 53
0.00001485 63
0.00073234 677
0.00002915 401
0.00001032 33
0.00002033 85
0.00001554 271
0.00002024 186
0.00000503 80
0.00002064 49
0.00003691 260
0.00011679 644
0.00000777 211
0.00001012 69
0.00004191 341
0.00000258 19
0.00006071 581
0.00004081 393
0.00004274 461
0.00006775 138
0.00000506 85
0.00002012 67
0.00001959 307
0.00000516 27
0.00000253 146
0.00001006 133
0.00000107 47
0.00000016 81
0.00002725 181
0.00001478 173
0.00002854 646
0.00000243 101
0.00002622 178
0.00000032 9
0.00000486 90
0.00001311 57
0.00003918 164
0.00000064 14
0.00008161 501
0.00004875 512
0.00000972 444
0.00002557 127
0.00002015 154
0.00000128 82
0.00000739 88
0.00004011 489
0.00001347 161
0.00001944 158
0.00004048 495
0.00003929 152
0.00001549 226
0.00001719 162
0.00001712 164
0.00000256 17
0.00001318 62
0.00001649 73
0.00001843 99
0.00000856 69
0.00000512 40
0.00005940 305
0.00004914 433
0.00000428 59
0.00001024 59
0.00004654 194
0.00003941 230
0.00000214 41
0.00002048 139
0.00000659 361
0.00004150 314
0.00003340 185
0.00000911 131
0.00012860 358
0.00044333 674
0.00001499 91
0.00004176 440
0.00001938 114
0.00001053 143
0.00001517 149
0.00000747 57
0.00008037 402
0.00001015 140
0.00005578 195
0.00004155 466
0.00000969 142
0.00002095 98
0.00003215 478
0.00001494 102
0.00002738 143
0.00003751 406
0.00001958 139
0.00013459 735
0.00001369 98
0.00004013 449
0.00004475 477
0.00003383 254
0.00001305 149
0.00004524 461
0.00014814 480
0.00004661 198
0.00000979 65
0.00001297 83
0.00000411 55
0.00000638 37
0.00001253 71
0.00003572 403
0.00001531 57
0.00001116 48
0.00000195 95
0.00001896 102
0.00001661 166
0.00000319 46
0.00001315 221
0.00003834 356
0.00002232 168
0.00000390 178
0.00000948 75
0.00002053 259
0.00009191 655
0.00001644 230
0.00002552 59
0.00003405 98
0.00011589 477
0.00000279 50
0.00000780 93
0.00000474 271
0.00010805 145
0.00000822 26
0.00001276 363
0.00001951 89
0.00011470 563
0.00006810 77
0.00006311 236
0.00000558 18
0.00001560 357
0.00000237 34
0.00001572 64
0.00001881 68
0.00000696 53
0.00001691 328
0.00005054 330
0.00000211 94
0.00003248 267
0.00000207 19
0.00000832 18
0.00000695 59
0.00001887 225
0.00001294 13
0.00000786 249
0.00004245 480
0.00000348 128
0.00002265 116
0.00001204 99
0.00005081 386
0.00004380 280
0.00000422 44
0.00000414 29
0.00001664 163
0.00000647 134
0.00000393 30
0.00002784 67
0.00000602 65
0.00006371 225
0.00000844 132
0.00000208 86
0.00002780 305
0.00000828 45
0.00000807 121
0.00005747 529
0.00001392 128
0.00006859 169
0.00000301 25
0.00001635 17
0.00001656 119
0.00000416 151
0.00001390 363
0.00002170 311
0.00005328 417
0.00000052 20
0.00004036 430
0.00003994 259
0.00002861 7
0.00000991 127
0.00001085 180
0.00029432 935
0.00000104 34
0.00017050 804
0.00003537 83
0.00006693 339
0.00000174 100
0.00003679 482
0.00003096 280
0.00000013 17
0.00014176 396
0.00002559 244
0.00004238 480
0.00004902 457
0.00000087 80
0.00004322 488
0.00000026 30
0.00003739 92
0.00001593 168
0.00003080 392
0.00001798 18
0.00000445 26
0.00000631 17
0.00003522 240
0.00001327 72
0.00007513 402
0.00004078 474
0.00001285 432
0.00010258 40
0.00000899 274
0.00002517 107
0.00054787 336
0.00014242 1062
0.00000573 56
0.00000515 29
0.00001679 123
0.00001874 83
0.00001067 133
0.00001780 223
0.00002524 125
0.00003138 121
0.00004679 545
0.00051457 1232
0.00001146 108
0.00001493 132
0.00003681 177
0.00001030 193
0.00000937 105
0.00016951 992
0.00002271 371
0.00002134 168
0.00000890 108
0.00001262 33
0.00001027 70
0.00007549 185
0.00002060 90
0.00000789 34
0.00000227 144
0.00001575 238
0.00002475 117
0.00004435 467
0.00000454 425
0.00002777 37
0.00014848 363
0.00002286 417
0.00005280 73
0.00000908 156
0.00003323 232
0.00002977 199
0.00005399 457
0.00001143 201
0.00001751 75
0.00001816 135
0.00004119 505
0.00006306 254
0.00000742 133
0.00004709 239
0.00000232 15
0.00001190 44
0.00001320 125
0.00003502 163
0.00003632 238
0.00000236 58
0.00005045 491
0.00001566 251
0.00000017 24
0.00000371 414
0.00012873 680
0.00000464 86
0.00000472 61
0.00000689 244
0.00000783 141
0.00000034 42
0.00002968 215
0.00003156 233
0.00004405 249
0.00000928 66
0.00009906 359
0.00006009 336
0.00000330 52
0.00000944 96
0.00001378 118
0.00000068 35
0.00001737 73
0.00000595 206
0.00005366 323
0.00000660 53
0.00001888 119
0.00002756 31
0.00000136 88
0.00004542 442
0.00001211 80
0.00000754 55
0.00001703 59
0.00001274 357
0.00000272 32
0.00000570 210
0.00002113 281
0.00002949 207
0.00001169 31
0.00000385 34
0.00003358 203
0.00003748 208
0.00003239 202
0.00002422 476
0.00000377 77
0.00000029 55
0.00000165 59
0.00002548 378
0.00011944 384
0.00000285 203
0.00000544 38
0.00000770 54
0.00002833 197
0.00000058 27
0.00003533 320
0.00000875 198
0.00003217 119
0.00000059 57
0.00001088 132
0.00002280 432
0.00004203 490
0.00001540 95
0.00006526 434
0.00003596 197
0.00071240 625
0.00001508 541
0.00000116 38
0.00007066 125
0.00001750 49
0.00000637 14
0.00001761 257
0.00000118 20
0.00002039 337
0.00001140 64
0.00000721 112
0.00002119 76
0.00000014 6
0.00000774 53
0.00002161 144
0.00000333 9
0.00014556 399
0.00017543 1069
0.00002411 185
0.00016759 389
0.00002643 87
0.00007155 396
0.00000028 19
0.00001548 240
0.00003501 439
0.00000666 49
0.00005423 40
0.00000443 59
0.00001997 185
0.00002884 117
0.00002191 220
0.00000056 29
0.00008680 452
0.00001332 325
0.00004570 477
0.00000886 205
0.00001009 169
0.00001442 50
0.00000112 97
0.00007643 276
0.00000387 198
0.00009323 258
0.00001772 122
0.00002018 169
0.00000224 80
0.00000902 207
0.00003270 314
0.00000203 118
0.00006021 91
0.00005271 219
0.00000448 99
0.00003971 253
0.00000406 27
0.00005560 406
0.00000821 172
0.00003569 135
0.00007453 509
0.00002842 146
0.00000896 81
0.00004530 493
0.00002190 229
0.00000812 20
0.00000951 23
0.00003617 243
0.00004215 428
0.00001642 79
0.00001413 113
0.00001421 64
0.00001095 117
0.00001792 92
0.00015548 890
0.00000451 23
0.00001624 146
0.00001902 24
0.00003774 447
0.00000537 84
0.00002760 184
0.00002435 77
0.00001338 82
0.00003548 397
0.00001380 27
0.00007479 113
0.00002676 125
0.00002148 117
0.00001551 219
0.00001065 145
0.00000690 909
0.00003833 583
0.00003440 257
0.00001962 709
0.00006102 522
0.00001590 203
0.00000099 47
0.00001074 382
0.00002130 182
0.00000345 101
0.00017027 860
0.00003351 132
0.00000981 328
0.00000795 47
0.00005906 347
0.00000669 14
0.00000198 42
0.00004855 307
0.00005465 481
0.00002298 370
0.00005447 363
0.00003033 211
0.00004343 384
0.00000396 27
0.00003446 321
0.00002771 436
0.00023716 391
0.00001149 181
0.00000792 81
0.00005519 343
0.00001335 217
0.00002959 242
0.00004248 429
0.00004154 248
0.00001584 52
0.00002670 202
0.00001097 82
0.00001371 127
0.00000023 31
0.00001744 79
0.00005823 282
0.00003928 197
0.00003345 89
0.00003513 201
0.00003429 138
0.00009573 575
0.00000046 58
0.00000872 64
0.00001469 68
0.00004237 387
0.00000092 22
0.00000436 11
0.00017255 775
0.00003882 133
0.00002078 173
0.00000184 16
0.00000218 178
0.00001039 113
0.00004332 528
0.00001306 193
0.00000759 89
0.00000501 9
0.00000109 23
0.00000368 135
0.00001839 88
0.00001940 101
0.00003039 104
0.00002356 303
0.00038447 915
0.00010638 182
0.00009430 46
0.00000736 57
0.00000970 81
0.00001086 57
0.00000459 14
0.00001178 118
0.00004370 406
0.00002004 276
0.00000485 51
0.00000543 67
0.00000918 176
0.00003597 107
0.00000589 231
0.00001542 179
0.00004522 493
0.00000653 74
0.00001518 170
0.00001002 25
0.00002843 145
0.00003418 447
0.00000771 58
0.00009044 268
0.00001422 133
0.00000339 21
0.00000465 14
0.00001709 44
0.00007439 431
0.00003809 232
0.00002203 163
0.00000530 136
0.00000678 209
0.00000179 94
0.00001524 84
0.00004249 256
0.00002539 62
0.00032846 561
0.00003084 201
0.00002261 92
0.00000265 218
0.00004275 256
0.00005224 419
0.00001860 126
0.00002417 504
0.00001356 167
0.00003073 119
0.00001515 214
0.00000762 281
0.00002510 63
0.00002120 133
0.00002185 73
0.00000711 255
0.00003179 200
0.00000930 31
0.00003030 197
0.00000381 141
0.00004019 524
0.00014878 375
0.00001255 20
0.00001060 20
0.00001443 216
0.00001432 50
0.00004391 252
0.00002166 62
0.00000491 141
0.00001941 283
0.00001667 22
0.00002665 143
0.00008782 521
0.00001083 156
0.00000358 13
0.00000982 123
0.00004486 9
0.00002362 119
0.00001973 51
0.00003625 275
0.00010968 353
0.00000716 68
0.00003369 78
0.00004121 438
0.00001181 242
0.00002077 139
0.00001475 79
0.00000881 113
0.00001062 110
0.00017683 858
0.00004388 197
0.00001762 193
0.00001490 177
0.00005793 414
0.00001723 333
0.00001846 85
0.00003027 149
0.00000745 57
0.00007249 378
0.00002426 128
0.00000923 56
0.00003787 139
0.00001741 154
0.00001155 11
0.00001213 90
0.00001825 24
0.00000531 121
0.00004260 508
0.00004498 507
0.00007848 311
0.00000860 138
0.00001976 216
0.00002066 42
0.00000527 95
0.00015594 584
0.00002908 77
0.00001857 86
0.00001720 399
0.00003924 641
0.00004198 114
0.00000988 84
0.00001033 75
0.00004501 556
0.00007742 297
0.00001774 206
0.00000215 450
0.00003577 103
0.00000865 447
0.00000494 46
0.00002278 273
0.00002108 127
0.00005352 323
0.00006109 137
0.00000887 127
0.00000727 81
0.00000430 325
0.00001730 110
0.00004870 507
0.00000247 145
0.00001139 226
0.00001054 158
0.00001783 173
0.00001803 77
0.00000753 41
0.00001457 105
0.00009660 242
0.00008360 561
0.00001408 63
0.00002813 101
0.00002011 250
0.00003012 72
0.00001353 89
0.00000704 110
0.00001399 35
0.00001971 185
0.00003927 527
0.00001506 119
0.00002706 107
0.00000352 18
0.00003183 83
0.00000479 89
0.00001892 125
0.00002911 155
0.00000733 74
0.00000176 43
0.00005745 182
0.00000946 28
0.00004775 85
0.00000088 104
0.00004640 221
0.00006310 240
0.00003097 290
0.00002819 238
0.00000473 844
0.00001916 262
0.00002215 94
0.00003798 287
0.00004209 470
0.00000044 80
0.00004346 454
0.00004125 425
0.00000823 230
0.00000958 94
0.00004545 537
0.00004293 454
0.00007599 306
0.00001466 178
0.00000022 11
0.00003847 328
0.00001646 118
0.00000079 42
0.00002896 80
0.00001617 329
0.00000269 316
0.00000011 79
0.00000158 9
0.00011799 726
0.00004450 263
0.00001199 153
0.00011442 674
0.00003256 184
0.00003003 45
0.00001448 51
0.00000538 62
0.00001625 134
0.00004894 390
0.00003088 192
0.00001451 228
0.00003988 401
0.00009163 476
0.00000724 20
0.00000939 338
0.00001076 238
0.00021611 309
0.00002289 161
0.00008995 375
0.00001827 125
0.00000362 18
0.00001878 119
0.00002152 157
0.00001350 162
0.00001264 77
0.00005495 311
0.00001170 98
0.00001411 297
0.00000181 16
0.00001596 99
0.00001134 71
0.00002528 228
0.00002822 181
0.00000798 132
0.00005674 288
0.00016280 423
0.00002268 80
0.00003963 731
0.00003738 184
0.00040283 1020
0.00000316 59
0.00003066 103
0.00006227 282
0.00002703 155
0.00007188 423
0.00000929 69
0.00000399 24
0.00002499 138
0.00000949 158
0.00004592 305
0.00000675 14
0.00004534 294
0.00000632 15
0.00000585 44
0.00003594 241
0.00001858 117
0.00002935 316
0.00003868 159
0.00000567 62
0.00002267 256
0.00016148 1119
0.00003893 196
0.00004497 184
0.00001018 35
0.00002997 185
0.00002035 120
0.00001934 174
0.00000365 75
0.00001148 70
0.00004153 547
0.00003701 267
0.00001533 118
0.00062189 1237
0.00002981 54
0.00014879 217
0.00004662 408
0.00000967 130
0.00002685 285
0.00000730 65
0.00002296 65
0.00004037 446
0.00004001 546
0.00001637 88
0.00001595 197
0.00002183 552
0.00002837 39
0.00004536 537
0.00004355 126
0.00000287 19
0.00001460 14
0.00001869 200
0.00000509 159
0.00000574 196
0.00002920 330
0.00008527 585
0.00000997 653
0.00000433 95
0.00003654 253
0.00000407 62
0.00001530 188
0.00008265 442
0.00014543 853
0.00006658 224
0.00000469 30
0.00000386 51
0.00001994 135
0.00001402 76
0.00004439 445
0.00007812 1059
0.00000765 185
0.00007512 283
0.00000193 32
0.00000701 74
0.00001732 8
0.00001003 24
0.00002225 97
0.00001628 50
0.00002926 484
0.00000801 98
0.00003113 162
0.00002447 179
0.00003250 190
0.00001544 257
0.00000866 136
0.00002006 159
0.00002057 229
0.00001463 167
0.00000814 112
0.00000938 54
0.00001602 121
0.00000772 65
0.00004799 544
0.00004757 351
0.00073116 1721
0.00004961 384
0.00012085 308
0.00004441 471
0.00001341 168
0.00000580 77
0.00003292 59
0.00003832 230
0.00004430 71
0.00000290 36
0.00009134 525
0.00002320 185
0.00024524 529
0.00004058 481
0.00003784 256
0.00007307 169
0.00004567 181
0.00001160 166
0.00003559 271
0.00001202 94
0.00008787 336
0.00004022 523
0.00002404 222
0.00001286 39
0.00001045 82
0.00000643 39
0.00000145 8
0.00001611 130
0.00001779 141
0.00000601 187
0.00003606 234
0.00002090 127
0.00009455 498
0.00003187 294
0.00004032 466
0.00001185 406
0.00000444 11
0.00004396 482
0.00002370 70
0.00000222 153
0.00033822 1014
0.00000131 81
0.00004317 505
0.00001237 187
0.00001776 28
0.00008634 316
0.00002474 313
0.00000888 202
0.00001975 54
0.00003359 626
0.00013770 1065
0.00000524 242
0.00004222 560
0.00009659 630
0.00003071 321
0.00004454 480
0.00003907 487
0.00003377 336
0.00001359 65
0.00000755 7
0.00000262 129
0.00008444 575
0.00006754 442
0.00003264 160
0.00014090 480
0.00001555 367
0.00004675 710
0.00001510 125
0.00001597 28
0.00004579 288
0.00002096 277
0.00000111 47
0.00003974 456
0.00002605 69
0.00003472 317
0.00003356 400
0.00006849 267
0.00015281 1183
0.00001048 88
0.00003508 290
0.00001879 160
0.00002569 155
0.00006790 462
0.00001391 114
0.00001301 119
0.00009160 547
0.00004329 461
0.00002367 196
0.00002941 338
0.00002782 171
0.00018725 314
0.00001957 119
0.00010604 20
0.00000983 253
0.00016746 865
0.00003236 384
0.00001995 191
0.00019744 802
0.00001966 37
0.00000591 157
0.00013984 365
0.00003013 39
0.00007909 210
0.00004390 509
0.00002883 219
0.00001583 31
0.00001142 108
0.00001035 237
0.00004673 277
0.00003487 168
0.00001734 37
0.00002364 627
0.00004085 479
0.00000571 293
0.00004295 534
0.00003092 145
0.00000993 31
0.00001055 190
0.00000867 99
0.00001182 271
0.00001986 159
0.00004984 48
0.00002110 171
0.00001629 55
0.00000874 94
0.00009938 562
0.00000773 28
0.00001713 248
0.00000424 215
0.00004069 437
0.00002521 167
0.00002384 239
0.00000466 78
0.00003468 60
0.00001748 16
0.00001546 245
0.00001394 94
0.00001246 264
0.00001329 30
0.00000212 22
0.00000233 222
0.00001192 30
0.00000697 33
0.00000623 37
0.00001696 150
0.00000596 90
0.00001864 119
0.00000437 51
0.00004568 596
0.00002195 136
0.00000848 37
0.00014470 424
0.00000298 26
0.00000932 51
0.00001618 291
0.00004817 527
0.00002651 282
0.00002342 379
0.00000617 69
0.00003932 439
0.00003163 412
0.00002587 398
0.00000235 69
0.00001423 137
0.00000149 34
0.00000809 465
0.00002391 218
0.00001171 322
0.00002275 244
0.00001308 102
0.00000470 31
0.00002846 457
0.00004633 436
0.00001145 120
0.00008075 563
0.00004359 340
0.00002468 136
0.00000106 81
0.00005875 417
0.00000654 19
0.00004734 570
0.00003831 125
0.00001087 250
0.00000940 18
0.00005882 70
0.00004301 517
0.00002290 163
0.00005204 438
0.00001507 443
0.00001234 64
0.00000053 64
0.00000327 262
0.00002174 248
0.00008602 343
0.00002153 314
0.00006040 515
0.00001838 388
0.00008470 162
0.00003758 216
0.00000408 263
0.00000839 237
0.00000868 116
0.00003353 431
0.00000919 167
0.00004466 497
0.00006735 43
0.00007031 169
0.00000877 86
0.00002189 108
0.00004235 188
0.00001987 152
0.00002709 190
0.00000204 184
0.00010325 505
0.00001736 87
0.00001678 81
0.00000063 79
0.00004401 539
0.00001632 74
0.00004443 524
0.00000217 57
0.00012776 753
0.00000126 40
0.00002207 129
0.00002111 428
0.00002227 116
0.00000816 31
0.00008015 499
0.00001785 191
0.00000434 30
0.00004097 395
0.00002395 162
0.00001745 251
0.00000252 69
0.00004948 575
0.00003950 436
0.00001041 88
0.00004034 183
0.00000504 22
0.00003415 238
0.00007199 115
0.00001266 169
0.00002593 296
0.00002082 226
0.00004045 184
0.00000990 38
0.00001008 111
0.00000633 96
0.00000102 27
0.00000495 96
0.00001099 192
0.00003837 451
0.00002379 122
0.00024116 899
0.00000051 67
0.00002040 150
0.00001069 236
0.00004627 472
0.00010468 577
0.00000559 11
0.00000836 21
0.00004122 241
0.00001020 101
0.00004960 257
0.00000033 29
0.00005341 278
0.00004505 485
0.00003724 317
0.00001672 23
0.00005811 254
0.00000510 105
0.00000066 26
0.00004151 358
0.00001639 18
0.00002575 386
0.00008374 575
0.00003342 501
0.00001121 250
0.00003154 277
0.00000089 42
0.00002236 269
0.00003238 81
0.00000209 197
0.00003068 74
0.00000255 151
0.00000132 35
0.00004781 501
0.00002242 137
0.00002943 236
0.00000178 73
0.00001118 49
0.00000418 27
0.00000264 46
0.00000649 121
0.00002344 113
0.00007567 583
0.00000356 134
0.00000523 79
0.00000533 126
0.00004876 286
0.00000528 64
0.00012602 501
0.00000565 192
0.00001172 199
0.00001945 256
0.00001535 160
0.00000712 82
0.00004656 387
0.00001066 145
0.00001871 94
0.00001056 91
0.00004425 94
0.00004129 490
0.00007400 583
0.00001130 144
0.00000586 33
0.00011432 790
0.00002141 104
0.00003428 125
0.00001424 168
0.00006571 162
0.00004591 34
0.00002092 104
0.00002132 256
0.00002112 218
0.00000293 110
0.00001298 77
0.00002260 463
0.00002890 231
0.00001017 116
0.00001046 63
0.00020176 798
0.00001903 138
0.00000815 32
0.00001924 265
0.00001011 129
0.00002300 188
0.00007210 549
0.00003103 24
0.00005222 354
0.00003059 287
0.00000825 246
0.00001630 149
0.00000962 45
0.00003599 99
0.00001150 84
0.00012923 114
0.00001650 224
0.00000481 110
0.00000575 12
0.00004319 480
0.00001829 207
0.00001109 330
0.00002501 290
0.00004865 451
0.00005338 508
0.00005506 277
0.00004410 492
0.00001636 187
0.00001787 197
0.00004136 472
0.00001755 397
0.00002925 232
0.00017159 448
0.00000818 51
0.00002507 137
0.00001374 45
0.00000409 260
0.00006432 196
0.00002322 208
0.00003082 109
0.00002147 43
0.00001403 96
0.00003384 268
0.00000687 27
0.00002123 433
0.00018199 708
0.00003532 252
0.00001161 74
0.00001487 243
0.00004377 246
0.00017032 938
0.00000281 27
0.00004246 484
0.00020056 472
0.00001766 195
0.00002212 215
0.00000846 46
0.00005612 353
0.00002028 432
0.00003943 220
0.00000804 114
0.00000562 90
0.00000883 142
0.00000517 33
0.00001106 62
0.00004294 477
0.00001692 128
0.00011224 950
0.00001014 294
0.00006085 314
0.00001599 475
0.00000402 106
0.00001124 97
0.00000553 123
0.00001034 343
0.00000507 80
0.00004027 264
0.00002187 6
0.00004169 618
0.00002129 75
0.00000201 41
0.00003272 620
0.00004651 150
0.00002068 37
0.00004561 445
0.00000423 169
0.00009836 296
0.00002753 396
0.00004206 476
0.00002205 273
0.00001127 173
0.00013759 859
0.00002254 118
0.00085449 872
0.00003260 199
0.00008326 212
0.00003806 396
0.00007221 227
0.00009955 221
0.00004264 316
0.00004877 50
0.00001850 222
0.00000187 60
0.00000113 8
0.00004520 560
0.00002516 317
0.00000857 11
0.00000582 91
0.00008528 396
0.00007517 289
0.00006330 550
0.00000925 91
0.00001225 88
0.00001429 30
0.00001258 289
0.00001287 118
0.00003141 165
0.00004793 312
0.00000291 44
0.00004184 456
0.00000155 18
0.00000629 57
0.00003070 175
0.00002328 377
0.00001219 147
0.00000103 32
0.00001005 12
0.00012564 795
0.00001164 278
0.00001743 61
0.00001261 123
0.00000620 178
0.00001222 50
0.00000206 56
0.00008367 109
0.00001808 185
0.00008462 549
0.00004484 574
0.00003249 217
0.00001606 143
0.00000767 39
0.00003523 26
0.00005838 382
0.00000310 63
0.00000412 92
0.00001496 159
0.00005150 329
0.00000904 82
0.00004231 124
0.00000803 120
0.00006079 597
0.00001577 349
0.00001534 342
0.00004469 545
0.00000824 121
0.00005433 732
0.00000748 34
0.00000452 22
0.00002617 157
0.00001955 76
0.00003581 205
0.00001862 42
0.00004080 424
0.00001240 309
0.00000611 5
0.00001648 37
0.00000374 63
0.00000226 118
0.00003913 159
0.00000931 113
0.00002324 60
0.00001988 130
0.00002072 157
0.00002093 131
0.00002114 215
0.00001296 170
0.00001162 151
0.00005419 346
0.00000994 147
0.00001036 363
0.00009826 524
0.00003476 494
0.00001057 287
0.00004458 129
0.00000963 276
0.00002592 221
0.00000581 3
0.00000497 64
0.00000518 61
0.00008540 368
0.00000324 136
0.00006681 573
0.00000901 159
0.00003230 100
0.00005514 597
0.00000259 98
0.00007637 63
0.00001805 18
0.00000648 129
0.00001998 363
0.00001933 195
0.00003107 179
0.00000889 48
0.00001796 45
0.00000749 4
0.00001317 131
0.00001724 29
0.00000081 102
0.00003293 216
0.00000999 24
0.00002223 196
0.00004007 548
0.00000898 110
0.00001778 142
0.00000862 17
0.00002634 408
0.00023252 822
0.00000162 181
0.00012562 793
0.00000449 41
0.00004637 514
0.00001897 151
0.00001447 62
0.00000431 75
0.00001695 16
0.00001498 260
0.00002894 121
0.00001677 37
0.00001115 73
0.00001594 141
0.00001731 174
0.00003628 100
0.00001710 41
0.00000304 143
0.00003063 200
0.00000941 584
0.00002230 205
0.00000797 1697
0.00000855 67
0.00003901 482
0.00008551 377
0.00004323 412
0.00000608 167
0.00001216 163
0.00003702 111
0.00007874 149
0.00002165 160
0.00001847 208
0.00001023 199
0.00002439 314
0.00000161 13
0.00001689 62
0.00003337 285
0.00001319 21
0.00005645 367
0.00007803 465
0.00006900 199
0.00003757 452
0.00000019 7
0.00002335 90
0.00000322 140
0.00001094 132
0.00000038 9
0.00024377 48
0.00000644 88
0.00003010 413
0.00000779 11
0.00000076 38
0.00001811 188
0.00001288 312
0.00004312 503
0.00001505 53
0.00002295 32
0.00001558 271
0.00000152 28
0.00000547 382
0.00000071 14
0.00003116 275
0.00008797 666
0.00003607 269
0.00000275 55
0.00001435 40
0.00006851 351
0.00000605 34
0.00000009 7
0.00000200 45
0.00000142 14
0.00001078 139
0.00006020 92
0.00000550 201
0.00000400 12
0.00000539 65
0.00001725 238
0.00001970 88
0.00001683 164
0.00001100 13
0.00004376 275
0.00000800 173
0.00008529 861
0.00000985 569
0.00021306 908
0.00002200 259
0.00001210 35
0.00000858 97
0.00001136 154
0.00002019 219
0.00012942 518
0.00001935 380
0.00003694 232
0.00009085 526
0.00006863 325
0.00004864 624
0.00001716 154
0.00002272 30
0.00002775 201
0.00012752 710
0.00001851 256
0.00000025 42
0.00007850 437
0.00000284 15
0.00001377 354
0.00000907 70
0.00000050 539
0.00000429 575
0.00000568 208
0.00002754 317
0.00003188 6
0.00007019 214
0.00003571 128
0.00000100 48
0.00004449 281
0.00000097 49
0.00005089 286
0.00015130 472
0.00006186 581
0.00001756 270
0.00001201 45
0.00003390 141
0.00006613 334
0.00002304 256
0.00006555 442
0.00000878 54
0.00003093 104
0.00002455 197
0.00004365 408
0.00007181 245
0.00001152 50
0.00004769 511
0.00001915 115
0.00000439 71
0.00001389 146
0.00004495 510
0.00000576 24
0.00009538 491
0.00007565 255
0.00003845 295
0.00001909 20
0.00013679 931
0.00003448 195
0.00000288 71
0.00000847 147
0.00001615 307
0.00002757 156
0.00004899 636
0.00011604 669
0.00000455 287
0.00002307 456
0.00002135 109
0.00000144 64
0.00001694 208
0.00000776 170
0.00003241 506
0.00000597 262
0.00002503 122
0.00000072 25
0.00000388 95
0.00001194 133
0.00001738 283
0.00002229 98
0.00001875 130
0.00000036 23
0.00001331 135
0.00004354 475
0.00000194 147
0.00004144 564
0.00000869 280
0.00001519 72
0.00000910 15
0.00000018 20
0.00002662 181
0.00008351 225
0.00002314 199
0.00000953 98
0.00002578 218
0.00001701 156
0.00002715 77
0.00001183 76
0.00001564 137
0.00007125 333
0.00001157 153
0.00006886 245
0.00001906 146
0.00001289 140
0.00004787 488
0.00007768 413
0.00002366 165
0.00000782 79
0.00003158 33
0.00000391 36
0.00003515 133
0.00001921 440
0.00002311 290
0.00010273 599
0.00002693 138
0.00001861 275
0.00003306 287
0.00002546 497
0.00001659 20
0.00003081 123
0.00000458 167
0.00002903 513
0.00006286 295
0.00004566 237
0.00001273 23
0.00000475 4
0.00000691 48
0.00000229 19
0.00001601 149
0.00000417 58
0.00004055 468
0.00001643 49
0.00004685 287
0.00000950 46
0.00001382 41
0.00003746 137
0.00001832 110
0.00003152 409
0.00000834 145
0.00006423 414
0.00002764 348
0.00000916 129
0.00002105 123
0.00001668 129
0.00010034 643
0.00003991 157
0.00004854 218
0.00001956 72
0.00001252 80
0.00023397 528
0.00003652 164
0.00000487 43
0.00002766 438
0.00006661 446
0.00001215 182
0.00072889 1436
0.00000978 170
0.00004955 570
0.00010611 223
0.00002504 412
0.00001415 381
0.00001383 65
0.00001029 70
0.00004949 512
0.00006292 522
0.00000489 175
0.00001151 139
0.00003789 275
0.00000313 150
0.00004067 464
0.00001790 57
0.00001948 147
0.00025638 393
0.00003954 555
0.00002302 37
0.00000626 330
0.00016226 508
0.00000895 288
0.00000974 268
0.00001849 242
0.00002051 68
0.00013167 738
0.00004223 515
0.00000397 30
0.00004162 491
0.00002671 325
0.00001180 235
0.00001559 156
0.00002629 55
0.00006826 185
0.00001412 54
0.00003841 283
0.00003568 242
0.00001310 58
0.00004429 546
0.00007052 494
0.00007237 281
0.00002824 253
0.00003666 82
0.00009227 531
0.00000655 214
0.00002462 290
0.00001588 159
0.00000295 26
0.00000353 45
0.00003747 507
0.00003069 72
0.00001231 207
0.00000794 73
0.00000590 11
0.00001477 99
0.00000706 52
0.00002534 100
0.00007206 367
0.00000351 48
0.00004494 578
0.00005005 529
0.00019047 535
0.00001840 214
0.00000223 39
0.00001267 151
0.00000702 146
0.00000785 127
0.00003817 180
0.00000920 122
0.00000446 199
0.00010480 433
0.00001079 248
0.00001404 77
0.00004021 131
0.00003854 49
0.00000791 39
0.00000460 145
0.00000892 68
0.00001833 239
0.00004102 483
0.00008299 450
0.00002158 64
0.00002808 149
0.00001763 80
0.00026376 769
0.00002081 121
0.00003118 193
0.00003759 220
0.00004745 461
0.00001582 300
0.00003633 237
0.00000230 159
0.00002293 72
0.00001784 67
0.00004116 493
0.00008478 261
0.00001573 283
0.00011151 770
0.00001977 90
0.00004604 171
0.00000115 8
0.00004239 537
0.00004889 309
0.00011057 299
0.00009208 539
0.00003591 219
0.00003580 69
0.00002325 148
0.00003896 211
0.00018220 1036
0.00008727 42
0.00005008 175
0.00001489 110
0.00000913 10
0.00006802 238
0.00004860 511
0.00005103 270
0.00003912 240
0.00010916 528
0.00000492 41
0.00000837 35
0.00007233 719
0.00003800 319
0.00001433 44
0.00002724 160
0.00000788 35
0.00006614 389
0.00001891 55
0.00004126 144
0.00001026 55
0.00000246 0
0.00001674 48
0.00001299 188
0.00020368 636
0.00001278 189
0.00002866 154
0.00010279 263
0.00001362 159
0.00001873 100
0.00003223 180
0.00001576 166
0.00004703 347
0.00002052 211
0.00000171 12
0.00004221 498
0.00000639 29
0.00000681 24
0.00002543 323
0.00000197 236
0.00001173 100
0.00015203 1044
0.00000984 74
0.00002209 363
0.00003722 175
0.00001653 60
0.00000394 99
0.00002346 137
0.00000513 159
0.00000684 119
0.00003675 104
0.00004622 292
0.00008325 52
0.00000342 336
0.00001579 250
0.00000123 131
0.00003431 92
0.00000971 29
0.00004509 539
0.00004253 521
0.00006309 285
0.00004732 97
0.00004031 426
0.00001368 65
0.00003402 599
0.00001942 96
0.00031891 374
0.00001523 334
0.00005955 123
0.00002009 418
0.00000551 310
0.00002621 44
0.00001545 56
0.00006258 67
0.00001073 206
0.00000541 13
0.00004422 495
0.00002027 265
0.00000583 199
0.00000731 160
0.00010256 472
0.00010787 202
0.00004090 458
0.00001166 67
0.00004225 479
0.00005967 399
0.00003389 531
0.00001462 123
0.00000110 203
0.00009768 311
0.00002164 174
0.00003031 317
0.00001102 144
0.00000153 17
0.00001749 289
0.00001355 110
0.00002924 122
0.00000055 58
0.00004884 182
0.00001082 80
0.00001465 161
0.00001061 205
0.00000954 50
0.00000306 57
0.00000440 143
0.00001949 33
0.00002399 191
0.00002930 178
0.00002122 257
0.00001908 137
0.00000612 64
0.00000220 143
0.00005569 281
0.00005021 114
0.00010555 277
0.00001279 111
0.00009589 327
0.00000885 84
0.00001937 217
0.00003319 68
0.00001224 108
0.00003361 193
0.00001760 99
0.00026279 637
0.00001770 411
0.00002067 63
0.00000477 143
0.00002021 157
0.00002448 204
0.00000880 159
0.00001603 33
0.00003308 237
0.00002631 216
0.00003484 207
0.00002768 198
0.00000091 4
0.00003670 369
0.00004515 462
0.00002537 116
0.00002579 408
0.00000027 23
0.00000587 378
0.00004197 460
0.00000403 94
0.00000493 32
0.00001384 183
0.00000182 16
0.00004004 268
0.00008465 407
0.00004088 493
0.00003959 284
0.00002663 629
0.00003445 456
0.00001174 110
0.00000806 124
0.00000692 58
0.00000986 221
0.00000108 149
0.00001612 32
0.00000346 68
0.00001972 106
0.00006074 167
0.00000054 30
0.00000838 46
0.00000627 94
0.00005997 264
0.00009677 384
0.00000173 159
0.00000859 95
0.00000367 70
0.00000817 242
0.00000432 105
0.00001407 78
0.00000957 35
0.00001676 263
0.00001718 121
0.00002912 181
0.00000734 94
0.00000216 15
0.00001634 131
0.00000757 181
0.00002508 78
0.00002573 347
0.00001623 187
0.00000364 27
0.00001468 79
0.00001728 71
0.00003056 228
0.00000419 307
0.00000728 117
0.00000864 449
0.00001163 41
0.00015788 269
0.00004539 541
0.00006251 350
0.00002918 441
0.00004265 220
0.00001205 108
0.00000764 34
0.00002494 78
0.00002817 316
0.00001459 116
0.00001373 41
0.00000699 167
0.00007135 331
0.00002410 153
0.00001247 164
0.00001528 54
0.00002547 101
0.00003352 41
0.00002074 210
0.00015767 997
0.00001398 268
0.00001591 263
0.00000190 63
0.00000191 75
0.00000995 155
0.00006704 349
0.00001037 153
0.00001647 363
0.00002796 193
0.00004229 530
0.00003593 357
0.00000095 15
0.00007555 392
0.00000382 21
0.00003944 175
0.00002642 66
0.00002716 134
0.00001275 75
0.00007460 482
0.00000760 34
0.00000511 106
0.00004725 539
0.00007843 326
0.00001321 90
0.00001358 123
0.00002550 261
0.00000380 28
0.00000827 46
0.00000871 357
0.00002169 38
0.00000679 98
0.00016025 255
0.00002002 206
0.00022670 334
0.00002044 347
0.00004313 434
0.00002615 130
0.00001654 19
0.00001742 36
0.00005074 393
0.00001001 20
0.00005158 196
0.00001520 173
0.00003909 353
0.00003087 169
0.00001022 130
0.00013101 796
0.00000177 27
0.00004896 154
0.00000540 50
0.00003341 185
0.00002463 146
0.00000535 180
0.00000270 101
0.00012393 775
0.00004244 183
0.00005961 225
0.00001217 273
0.00001886 169
0.00006397 356
0.00001080 34
0.00002434 318
0.00002799 50
0.00000943 20
0.00001070 139
0.00002841 150
0.00005116 120
0.00004664 495
0.00002832 108
0.00001263 194
0.00002442 162
0.00001147 37
0.00054362 824
0.00005491 326
0.00002085 87
0.00001416 276
0.00000641 31
0.00002526 53
0.00001221 246
0.00002413 190
0.00004328 289
0.00000708 61
0.00001282 85
0.00008173 222
0.00000135 226
0.00004292 598
0.00002045 269
0.00004517 552
0.00008108 488
0.00001791 213
0.00004018 202
0.00000354 119
0.00002564 215
0.00005854 214
0.00002211 51
0.00000519 69
0.00003483 30
0.00000667 15
0.00001269 317
0.00002769 287
0.00003290 248
0.00003611 468
0.00001343 245
0.00009626 175
0.00021400 262
0.00003920 431
0.00003688 236
0.00000435 261
0.00002686 154
0.00001395 127
0.00002076 31
0.00001665 40
0.00002213 145
0.00010700 460
0.00001823 164
0.00000870 25
0.00002350 5
0.00001038 56
0.00005350 163
0.00001334 26
0.00013231 1026
0.00004141 475
0.00001740 157
0.00001175 76
0.00014289 1005
0.00001242 59
0.00003022 201
0.00003732 219
0.00004974 296
0.00001363 87
0.00013003 194
0.00001511 137
0.00028221 327
0.00001101 98
0.00005687 221
0.00004444 139
0.00002722 223
0.00003495 182
0.00004398 183
0.00004331 426
0.00001233 137
0.00000621 261
0.00001361 115
0.00003126 322
0.00001340 314
0.00004981 564
0.00001159 267
0.00001291 164
0.00001819 35
0.00001813 72
0.00001771 122
0.00002719 312
0.00010602 437
0.00002582 292
0.00001300 72
0.00008606 137
0.00001621 281
0.00003269 252
0.00003706 46
0.00000335 15
0.00004802 285
0.00004172 581
0.00004113 309
0.00000650 33
0.00000137 115
0.00005396 537
0.00000670 27
0.00001633 123
0.00004208 221
0.00001239 35
0.00000325 50
0.00004886 307
0.00015479 468
0.00000569 193
0.00002948 18
0.00000548 8
0.00002906 196
0.00010554 573
0.00000483 174
0.00007851 203
0.00002591 293
0.00001474 207
0.00000274 113
0.00001268 71
0.00001337 105
0.00001453 114
0.00000966 225
0.00002234 10
0.00012197 671
0.00002276 152
0.00000737 30
0.00002192 200
0.00000634 15
0.00003741 403
0.00005978 394
0.00001117 121
0.00010531 654
0.00001138 52
0.00000317 29
0.00001096 64
0.00001059 367
0.00001795 16
0.00003864 96
0.00003995 561
0.00001479 187
0.00002472 22
0.00002653 155
0.00000879 251
0.00004535 618
0.00000425 17
0.00001352 50
0.00004468 95
0.00001236 26
0.00004552 459
0.00001758 87
0.00000850 13
0.00000676 86
0.00000618 107
0.00002306 382
0.00004053 120
0.00002097 171
0.00002055 405
0.00001700 230
0.00000338 33
0.00000309 11
0.00001153 89
0.00004099 486
0.00000169 14
0.00001043 145
0.00003257 138
0.00009093 386
0.00003266 198
0.00002104 171
0.00010437 626
0.00001349 232
0.00002443 115
0.00002086 582
0.00002401 24
0.00005313 285
0.00001052 92
0.00002698 473
0.00004362 269
0.00002277 185
0.00000526 161
0.00004636 168
0.00001981 309
0.00002003 22
0.00002065 227
0.00004015 466
0.00002701 247
0.00001605 64
0.00000263 165
0.00010876 213
0.00003638 309
0.00005539 307
0.00001248 66
0.00004404 442
0.00001111 92
0.00010233 1804
0.00001110 144
0.00002496 166
0.00001426 63
0.00004932 108
0.00020536 537
0.00001450 259
0.00002222 12
0.00000841 981
0.00005675 585
0.00002220 338
0.00002199 23
0.00000312 38
0.00001866 33
0.00003769 65
0.00000713 242
0.00018551 948
0.00003575 626
0.00000725 18
0.00002606 195
0.00001471 35
0.00000933 31
0.00000624 48
0.00005134 549
0.00005069 365
0.00001303 264
0.00000555 35
0.00000078 113
0.00002675 113
0.00012095 585
0.00001500 152
0.00002863 187
0.00000598 40
0.00000461 243
0.00000490 22
0.00003480 140
0.00002695 36
0.00005533 38
0.00000156 141
0.00003330 61
0.00000299 27
0.00000245 137
0.00000375 178
0.00003765 460
0.00002805 83
0.00008819 494
0.00005076 30
0.00001960 135
0.00005777 276
0.00005372 208
0.00000039 23
0.00000750 33
0.00007530 488
0.00013742 815
0.00001196 253
0.00000922 45
0.00000980 169
0.00005307 16
0.00001645 115
0.00004247 542
0.00005538 254
0.00004138 483
0.00001501 275
0.00003042 280
0.00005635 319
0.00001753 207
0.00001868 211
0.00000280 0
0.00000514 212
0.00008842 576
0.00002490 48
0.00002353 129
0.00002895 201
0.00001227 98
0.00001521 291
0.00033349 771
0.00000934 76
0.00009115 56
0.00000257 18
0.00000560 5
0.00017614 426
0.00001245 18
0.00002454 143
0.00004718 543
0.00000467 260
0.00013907 968
0.00001120 127
0.00002056 196
0.00000891 102
0.00002139 88
0.00009436 290
0.00001028 99
0.00002240 52
0.00001191 65
0.00005217 206
0.00001212 75
0.00001126 119
0.00001532 219
0.00008020 214
0.00009338 619
0.00036972 554
0.00004611 538
0.00002865 177
0.00002424 273
0.00002252 72
0.00000766 192
0.00008735 357
0.00000035 27
0.00001773 96
0.00004574 240
0.00004100 161
0.00001103 71
0.00005572 303
0.00000303 41
0.00001946 620
0.00000383 72
0.00000070 17
0.00017010 987
0.00002374 40
0.00001277 34
0.00019181 34
0.00000606 74
0.00000973 68
0.00000563 31
0.00000140 138
0.00000010 18
0.00001187 66
0.00002876 152
0.00004831 258
0.00001752 126
0.00001068 117
0.00001132 42
0.00009276 581
0.00003641 400
0.00000020 4
0.00001438 61
0.00000876 166
0.00002136 274
0.00002264 384
0.00013566 871
0.00007282 32
0.00009053 546
0.00000040 37
0.00000719 29
0.00002041 263
0.00002414 185
0.00000438 31
0.00000267 95
0.00000283 39
0.00002266 29
0.00032746 491
0.00000080 32
0.00002142 130
0.00001123 157
0.00001207 80
0.00000219 18
0.00000534 170
0.00000566 72
0.00004605 46
0.00001133 162
0.00000160 18
0.00001071 72
0.00002655 171
0.00001657 128
0.00012267 660
0.00002739 339
0.00001270 295
0.00002377 122
0.00008343 559
0.00000320 59
0.00001587 287
0.00001031 228
0.00002540 54
0.00001010 219
0.00002965 177
0.00000640 122
0.00000505 57
0.00001280 243
0.00005215 525
0.00002171 147
0.00000635 204
0.00004837 497
0.00002560 91
0.00004843 529
0.00001112 229
0.00001925 158
0.00005175 511
0.00000349 77
0.00002224 201
0.00004510 135
0.00004474 489
0.00000698 91
0.00004342 204
0.00000278 49
0.00002371 208
0.00005930 202
0.00001999 73
0.00004397 448
0.00001396 222
0.00000556 50
0.00000189 70
0.00004040 96
0.00015579 1038
0.00004754 234
0.00015499 843
0.00004373 568
0.00001658 81
0.00001414 157
0.00009656 705
0.00000378 19
0.00001788 148
0.00001486 136
0.00006442 753
0.00001089 156
0.00003314 230
0.00000139 41
0.00000829 98
0.00004828 443
0.00010219 971
0.00000756 336
0.00000894 7
0.00006075 345
0.00007879 201
0.00004658 483
0.00002972 49
0.00001809 65
0.00002178 220
0.00002867 132
0.00002763 104
0.00001512 145
0.00000447 54
0.00004272 495
0.00004528 566
0.00002150 320
0.00000707 211
0.00004481 204
0.00001075 650
0.00000743 75
0.00001889 261
0.00004412 290
0.00001393 42
0.00001385 191
0.00001364 27
0.00003067 213
0.00001883 38
0.00000074 92
0.00003011 210
0.00018788 281
0.00002728 100
0.00003892 360
0.00006134 218
0.00002561 193
0.00004302 393
0.00002157 260
0.00004748 487
0.00000148 6
0.00004885 510
0.00004764 498
0.00000341 211
0.00005730 303
0.00004806 181
0.00000119 4
0.00002050 245
0.00002005 177
0.00002626 388
0.00001651 67
0.00000682 80
0.00003903 430
0.00004459 495
0.00003064 134
0.00004437 48
0.00001025 267
0.00004205 468
0.00001313 97
0.00000037 36
0.00001091 27
0.00000661 172
0.00000476 77
0.00004480 486
0.00008556 509
0.00002258 232
0.00001184 78
0.00002359 97
0.00000238 53
0.00002633 158
0.00004112 471
0.00001129 225
0.00002677 365
0.00004278 485
0.00003601 312
0.00000296 21
0.00003659 277
0.00003987 41
0.00000952 95
0.00004879 532
0.00004379 129
0.00004207 412
0.00000592 32
0.00001711 147
0.00003968 59
0.00001206 159
0.00004135 471
0.00004409 464
0.00011921 39
0.00002853 196
0.00016062 985
0.00002412 26
0.00007033 338
0.00002273 96
0.00015661 589
0.00001437 133
0.00004598 397
0.00001913 263
0.00000897 52
0.00000603 108
0.00001794 185
0.00000502 546
0.00002758 474
0.00017440 956
0.00003948 412
0.00000577 45
0.00001105 158
0.00000955 40
0.00003945 147
0.00001379 181
0.00000251 25
0.00008056 308
0.00001405 30
0.00002549 194
0.00002210 254
0.00004046 11
0.00003579 309
0.00004360 259
0.00002008 346
0.00001895 268
0.00003970 459
0.00003710 472
0.00004230 516
0.00024877 652
0.00002109 16
0.00001004 93
0.00001154 15
0.00003457 239
0.00014710 224
0.00004183 505
0.00002697 49
0.00000315 56
0.00004432 453
0.00003856 195
0.00001428 126
0.00002163 391
0.00002087 34
0.00000630 55
0.00014924 426
0.00022862 493
0.00001260 34
0.00000357 137
0.00004188 486
0.00004159 469
0.00002520 154
0.00014126 79
0.00000714 37
0.00003731 86
0.00001197 402
0.00000975 97
0.00000900 461
0.00004641 533
0.00001890 267
0.00004177 430
0.00001848 115
0.00007750 401
0.00019112 33
0.00005421 368
0.00001950 95
0.00000525 176
0.00001495 128
0.00001800 11
0.00023286 17
0.00000945 239
0.00000924 79
0.00001141 22
0.00001050 96
0.00005038 523
0.00001919 106
0.00000225 30
0.00000462 120
0.00005659 636
0.00002282 198
0.00000450 191
0.00003951 96
0.00005920 332
0.00003933 320
0.00000231 45
0.00000656 78
0.00001386 148
0.00000572 100
0.00000508 45
0.00004200 501
0.00001249 108
0.00001660 234
0.00000609 52
0.00000328 143
0.00002772 27
0.00000286 234
0.00000254 45
0.00003838 493
0.00000830 27
0.00001480 594
0.00002288 345
0.00002032 346
0.00004337 538
0.00000415 58
0.00000740 164
0.00002436 481
0.00000693 129
0.00001312 72
0.00001144 464
0.00001016 54
0.00002929 225
0.00004503 534
0.00000370 32
0.00001931 167
0.00001218 194
0.00000041 22
0.00025302 986
0.00003915 87
0.00000277 166
0.00000241 19
0.00001228 34
0.00000185 103
0.00001047 172
0.00001365 177
0.00000554 104
0.00000482 163
0.00002456 50
0.00002505 227
0.00002094 265
0.00002730 64
0.00004788 265
0.00002317 160
0.00000164 17
0.00004174 531
0.00000143 12
0.00000127 38
0.00001108 37
0.00000307 33
0.00000964 23
0.00002531 257
0.00037272 470
0.00000082 81
0.00002216 144
0.00000614 83
0.00001928 65
0.00004326 478
0.00004079 38
0.00009817 130
0.00007533 141
0.00004218 135
0.00001090 50
0.00000083 14
0.00004766 74
0.00000101 15
0.00002514 284
0.00000498 64
0.00005394 572
0.00011055 773
0.00000031 39
0.00001669 89
0.00000166 35
0.00003790 454
0.00002635 175
0.00001855 107
0.00004616 248
0.00001257 448
0.00005611 345
0.00000249 50
0.00001013 17
0.00004105 224
0.00000062 22
0.00003719 175
0.00000987 30
0.00001007 208
0.00004094 250
0.00004462 771
0.00001992 74
0.00002023 11
0.00000124 71
0.00007438 329
0.00000545 51
0.00000996 59
0.00004242 293
0.00001837 189
0.00004189 491
0.00000248 161
0.00001328 123
0.00004729 538
0.00001307 31
0.00008997 211
0.00001616 240
0.00015423 474
0.00001370 54
0.00003707 304
0.00001444 24
0.00003588 229
0.00000496 9
0.00002656 330
0.00002614 145
0.00000808 90
0.00000989 161
0.00002888 161
0.00007655 302
0.00000992 122
0.00000332 184
0.00004694 523
0.00000404 8
0.00004527 152
0.00003018 49
0.00002299 92
0.00000361 0
0.00001417 247
0.00002881 269
0.00001984 187
0.00000664 69
0.00002887 91
0.00000202 26
0.00001509 101
0.00000685 15
0.00000722 102
0.00004543 541
