0.00009167 9081
0.00004585 5963
0.00000604 972
0.00004357 5609
0.00000790 817
0.00000625 1122
0.00003897 5178
0.00003844 2440
0.00003309 711
0.00002175 2071
0.00000302 144
0.00001757 1189
0.00002453 1559
0.00004810 6137
0.00002416 2355
0.00017269 25908
0.00001439 1904
0.00002101 1198
0.00001208 1197
0.00000395 146
0.00037874 45876
0.00001250 1087
0.00004905 7112
0.00004800 3822
0.00005808 8697
0.00005488 5974
0.00001084 528
0.00001502 605
0.00001019 222
0.00001574 1542
0.00001449 2643
0.00000665 122
0.00003172 4390
0.00003511 3974
0.00000607 199
0.00009332 10843
0.00005987 7283
0.00002168 1419
0.00004704 3631
0.00000787 497
0.00001330 487
0.00001214 855
0.00004023 2901
0.00000151 70
0.00002551 1750
0.00000271 181
0.00005924 4881
0.00002428 1956
0.00005070 6572
0.00000542 870
0.00001229 1845
0.00000751 284
0.00002869 4076
0.00013212 16113
0.00005555 6577
0.00001113 954
0.00000652 872
0.00000159 85
0.00003279 3677
0.00000715 203
0.00006356 3474
0.00001705 1249
0.00002217 2432
0.00004978 2221
0.00001943 1187
0.00000326 188
0.00002226 1293
0.00001901 1257
0.00001430 1237
0.00003101 1677
0.00004573 5755
0.00006480 7034
0.00002860 2180
0.00006202 2739
0.00001283 854
0.00003276 1975
0.00003908 4999
0.00001304 682
0.00004883 2242
0.00001571 658
0.00006855 13692
0.00003368 2749
0.00001179 1198
0.00006742 7102
0.00001702 1214
0.00004811 7300
0.00004631 6335
0.00005049 1894
0.00000882 840
0.00002544 1981
0.00004204 5322
0.00002679 2814
0.00001663 624
0.00000851 409
0.00005168 3535
0.00001764 2689
0.00001272 569
0.00001077 619
0.00001681 2387
0.00009527 9687
0.00001818 753
0.00005714 10063
0.00003493 4157
0.00000163 294
0.00000636 935
0.00002511 2880
0.00002425 1844
0.00003749 4409
0.00002154 1582
0.00001699 1315
0.00000909 726
0.00000441 128
0.00000318 576
0.00003398 4057
0.00000372 269
0.00004308 5458
0.00005619 5399
0.00000646 333
0.00000421 547
0.00006290 8683
0.00002091 2841
0.00000744 1051
0.00002857 1780
0.00000323 193
0.00005022 6097
0.00004850 4254
0.00000842 757
0.00003326 3323
0.00001488 294
0.00003528 3018
0.00011523 7123
0.00001051 865
0.00001684 1339
0.00001497 766
0.00006652 4007
0.00003404 3541
0.00001292 1407
0.00000810 1477
0.00001638 972
0.00001954 842
0.00001295 241
0.00000903 1154
0.00001620 757
0.00004431 5167
0.00000819 451
0.00000977 537
0.00004705 3814
0.00001806 1645
0.00002783 2856
0.00000093 55
0.00004434 3900
0.00003886 5071
0.00005037 6209
0.00000405 607
0.00010169 9180
0.00001589 2146
0.00000186 214
0.00005095 168
0.00000784 368
0.00003231 1111
0.00004856 5680
0.00000672 400
0.00033265 44084
0.00002535 2048
0.00000588 246
0.00004719 5477
0.00000150 356
0.00001568 1210
0.00000336 128
0.00005102 1058
0.00014246 9237
0.00000294 514
0.00000075 46
0.00000196 84
0.00001586 1079
0.00004945 5283
0.00001491 649
0.00002688 3348
0.00004336 3339
0.00002774 2101
0.00004076 6003
0.00000392 225
0.00000793 1334
0.00002982 2466
0.00001344 1370
0.00004737 5254
0.00001387 1649
0.00001176 624
0.00003148 3301
0.00002059 1557
0.00000049 11
0.00000042 41
0.00002767 630
0.00000662 552
0.00005809 2962
0.00002400 2288
0.00002904 2990
0.00002744 496
0.00000098 195
0.00000453 415
0.00009307 5933
0.00005701 6760
0.00000021 16
0.00004051 5118
0.00005000 6033
0.00017618 25623
0.00000331 339
0.00001200 547
0.00001372 3627
0.00001452 769
0.00000906 493
0.00004954 4014
0.00000168 219
0.00004350 5530
0.00006357 3574
0.00000147 104
0.00002471 2361
0.00008577 9428
0.00000600 1067
0.00000726 527
0.00000686 474
0.00000961 324
0.00001690 1709
0.00001812 823
0.00000084 125
0.00069829 83531
0.00001324 940
0.00002741 1385
0.00000300 118
0.00002639 705
0.00000363 558
0.00000343 527
0.00000845 219
0.00001922 430
0.00000065 41
0.00004392 5401
0.00002937 3404
0.00000297 172
0.00000732 1430
0.00002565 1813
0.00007201 10039
0.00005018 2561
0.00000130 46
0.00003595 3044
0.00001627 1192
0.00000741 999
0.00000594 285
0.00002899 1779
0.00004514 5326
0.00000366 357
0.00003219 2297
0.00004540 5730
0.00004624 4081
0.00001167 564
0.00001188 958
0.00001482 326
0.00004487 2972
0.00007341 5582
0.00003100 2090
0.00004929 7076
0.00004606 6029
0.00002334 727
0.00002376 1889
0.00001693 508
0.00006200 3503
0.00001464 643
0.00001040 665
0.00003999 5170
0.00000831 560
0.00003035 1588
0.00004582 3215
0.00003335 1881
0.00002080 415
0.00001265 1914
0.00000389 99
0.00001314 1977
0.00000260 146
0.00005225 6279
0.00000778 436
0.00001503 713
0.00001193 456
0.00000183 32
0.00000657 215
0.00009489 8736
0.00004923 5260
0.00000520 353
0.00003541 1384
0.00003553 4827
0.00001556 423
0.00001271 1614
0.00005862 3212
0.00001845 1236
0.00001607 956
0.00002625 1271
0.00005868 2813
0.00004621 5834
0.00003660 2005
0.00003044 2173
0.00000401 177
0.00002495 690
0.00002449 1815
0.00005190 6291
0.00002365 1874
0.00002263 938
0.00001522 821
0.00000802 429
0.00003026 2115
0.00029982 44525
0.00002553 2300
0.00002279 3597
0.00000761 1432
0.00001604 1632
0.00001513 2398
0.00001345 915
0.00023887 22210
0.00016449 9877
0.00004609 5272
0.00014515 11964
0.00006064 3754
0.00000683 412
0.00001722 1051
0.00004361 5236
0.00000998 215
0.00000546 407
0.00001063 1434
0.00005004 5604
0.00000861 405
0.00001996 3784
0.00000273 127
0.00004511 5197
0.00002732 1269
0.00002025 1415
0.00000781 308
0.00002184 3002
0.00003904 5319
0.00007035 7784
0.00003291 1719
0.00000799 319
0.00001366 1016
0.00000499 311
0.00001562 1239
0.00004014 4940
0.00001092 1152
0.00004419 5365
0.00004395 5923
0.00001598 1008
0.00004993 5946
0.00003349 4222
0.00004445 6148
0.00003124 5668
0.00000456 108
0.00002007 1818
0.00000976 467
0.00002727 661
0.00000228 160
0.00004368 5460
0.00001952 2273
0.00001729 1013
0.00001859 1636
0.00002407 1544
0.00003992 3939
0.00006413 4795
0.00001824 1161
0.00001525 2146
0.00000244 258
0.00002162 816
0.00001251 926
0.00003444 3179
0.00000157 72
0.00000912 589
0.00000488 287
0.00001081 660
0.00001708 596
0.00003208 3511
0.00000314 54
0.00002632 907
0.00000061 21
0.00000796 199
0.00001455 1586
0.00003032 2888
0.00005654 6047
0.00000854 562
0.00007749 7272
0.00005380 1962
0.00005429 2641
0.00000628 254
0.00001316 1266
0.00001381 335
0.00000122 239
0.00001592 670
0.00002910 2493
0.00001516 512
0.00000427 705
0.00001256 134
0.00001467 806
0.00000658 247
0.00000114 99
0.00002595 2105
0.00000199 238
0.00000915 868
0.00000758 632
0.00003690 1603
0.00004145 5193
0.00002934 3411
0.00000329 110
0.00000057 18
0.00004463 5502
0.00000398 231
0.00001830 2752
0.00000379 217
0.00000268 318
0.00004065 5296
0.00004273 4991
0.00006677 6769
0.00000536 226
0.00002245 1133
0.00004867 2980
0.00005084 5232
0.00001072 1248
0.00004160 1392
0.00003324 1899
0.00002013 1623
0.00000833 1612
0.00002144 623
0.00001547 1192
0.00005060 5542
0.00001323 1338
0.00001613 1435
0.00002291 3508
0.00001666 1412
0.00001135 751
0.00006511 10337
0.00001114 957
0.00001156 466
0.00001746 97
0.00000775 480
0.00011438 12474
0.00000549 159
0.00004157 5141
0.00004047 4035
0.00000873 906
0.00001458 1136
0.00001550 923
0.00000067 95
0.00004383 3239
0.00001098 518
0.00004178 5185
0.00000289 197
0.00003254 4215
0.00004657 3491
0.00000729 1059
0.00002257 1585
0.00002193 2079
0.00000134 111
0.00016628 22990
0.00002196 2949
0.00000557 290
0.00000578 544
0.00003251 2570
0.00016627 22920
0.00012523 14514
0.00000175 51
0.00002482 1501
0.00000826 642
0.00004646 3196
0.00001799 1467
0.00001991 1003
0.00001241 2316
0.00001673 640
0.00001652 1261
0.00002583 1127
0.00002345 2594
0.00001290 1099
0.00000709 576
0.00005267 3813
0.00005035 2215
0.00005563 6812
0.00003052 1398
0.00001409 2016
0.00000645 78
0.00001418 1881
0.00000413 651
0.00002818 141
0.00010880 14230
0.00004291 5097
0.00001325 1501
0.00006016 6066
0.00001158 1437
0.00002800 2039
0.00004920 5556
0.00004196 5294
0.00004595 5978
0.00002316 1848
0.00001400 503
0.00002235 1703
0.00000700 1394
0.00000350 257
0.00002681 2096
0.00000579 51
0.00002699 3195
0.00002197 1763
0.00000674 786
0.00002393 2260
0.00021770 22101
0.00003525 2723
0.00001342 1551
0.00002049 3434
0.00018998 18676
0.00004727 6108
0.00001609 559
0.00000337 393
0.00000673 377
0.00001789 2598
0.00000677 223
0.00001715 1127
0.00001781 405
0.00001346 908
0.00000965 761
0.00002107 1001
0.00001367 668
0.00001309 550
0.00010344 12564
0.00005331 1925
0.00001348 1413
0.00004428 5636
0.00001930 1497
0.00000671 516
0.00001735 1749
0.00002618 1759
0.00001529 1979
0.00001476 605
0.00005261 4661
0.00002589 1842
0.00000905 476
0.00006977 5626
0.00000947 627
0.00001198 1232
0.00001747 1520
0.00002952 1615
0.00007642 2987
0.00001810 338
0.00001894 2320
0.00019238 36753
0.00010165 12429
0.00004660 3941
0.00000369 379
0.00005630 6697
0.00002387 1213
0.00001686 1078
0.00012916 18857
0.00022850 14548
0.00005143 4376
0.00000738 403
0.00004869 2185
0.00000843 364
0.00000599 283
0.00001872 697
0.00000048 28
0.00005570 3596
0.00002809 1702
0.00005001 5762
0.00002815 2561
0.00000936 639
0.00000096 8
0.00004774 5433
0.00004321 5170
0.00002179 1166
0.00002821 2524
0.00001104 650
0.00002221 1897
0.00000468 235
0.00000012 13
0.00003620 2939
0.00020474 29592
0.00000552 577
0.00004792 6552
0.00001259 1360
0.00000234 130
0.00000024 15
0.00005178 2444
0.00029471 13433
0.00000276 80
0.00015630 17163
0.00003494 2669
0.00001165 165
0.00006390 6046
0.00000117 47
0.00002214 703
0.00000768 1294
0.00015605 22962
0.00001912 1168
0.00000138 56
0.00001107 403
0.00012478 10859
0.00001536 721
0.00003562 1472
0.00001557 1434
0.00000956 1185
0.00007766 5081
0.00000069 44
0.00001293 1172
0.00003589 3203
0.00003189 732
0.00001918 1074
0.00000192 131
0.00003578 3650
0.00000478 545
0.00002745 2723
0.00003430 1275
0.00002838 1281
0.00002613 1379
0.00006378 7850
0.00000384 434
0.00000959 280
0.00004763 3944
0.00000239 163
0.00002619 3305
0.00004098 5325
0.00001419 927
0.00004887 6754
0.00000376 150
0.00000085 1
0.00001854 1554
0.00000105 36
0.00003693 3835
0.00001863 1098
0.00001817 1210
0.00001406 851
0.00000752 235
0.00000170 247
0.00000927 903
0.00000615 1064
0.00001947 1335
0.00003357 5105
0.00000703 514
0.00006619 6321
0.00001504 463
0.00001230 133
0.00001049 1175
0.00002460 2806
0.00001759 523
0.00006703 12296
0.00017175 12081
0.00003209 870
0.00000763 676
0.00001360 739
0.00001680 1460
0.00001284 460
0.00000047 60
0.00001526 927
0.00011272 10926
0.00002720 3266
0.00000840 1046
0.00002568 2062
0.00003803 3420
0.00005047 7853
0.00002555 1108
0.00000094 40
0.00001425 1108
0.00195336 229735
0.00003346 2991
0.00022544 33486
0.00000340 564
0.00004690 6585
0.00000420 379
0.00031778 27577
0.00000321 844
0.00000188 54
0.00002850 4396
0.00004964 6932
0.00002323 1288
0.00000680 369
0.00009415 6863
0.00000210 20
0.00005205 5794
0.00002597 2096
0.00005160 5461
0.00000642 1091
0.00021200 10309
0.00048345 51994
0.00003982 2424
0.00000651 381
0.00000141 86
0.00000073 62
0.00000344 291
0.00005451 7174
0.00001543 1731
0.00004241 5099
0.00001717 2345
0.00001841 1850
0.00003149 1225
0.00000125 73
0.00000146 252
0.00000688 1081
0.00000561 351
0.00001470 1607
0.00011484 16645
0.00004934 6530
0.00001483 1186
0.00001376 1879
0.00001122 1909
0.00000735 222
0.00004299 2113
0.00002363 810
0.00002882 2692
0.00007558 5910
0.00001302 1990
0.00002752 701
0.00001675 2043
0.00002244 1557
0.00001441 1365
0.00002845 2067
0.00009096 9950
0.00003125 3322
0.00001870 747
0.00001177 814
0.00001168 1069
0.00000805 457
0.00001000 1202
0.00003642 3188
0.00000811 673
0.00005784 4588
0.00002186 1289
0.00001704 512
0.00004750 5646
0.00000935 235
0.00001128 309
0.00002354 969
0.00002336 477
0.00000043 15
0.00001622 398
0.00001093 962
0.00000852 483
0.00000942 1549
0.00000564 362
0.00000292 132
0.00000250 68
0.00000086 47
0.00002513 458
0.00001538 1076
0.00000426 117
0.00000471 177
0.00011784 12055
0.00000282 132
0.00000500 20
0.00000584 364
0.00000172 19
0.00003550 3948
0.00000769 171
0.00000213 85
0.00004970 5985
0.00001842 2072
0.00001567 1147
0.00002491 780
0.00004482 5589
0.00000921 814
0.00003181 4171
0.00007357 8546
0.00004756 5957
0.00000529 312
0.00004084 5366
0.00001281 1175
0.00001058 924
0.00004655 5653
0.00003872 3432
0.00002562 1943
0.00005873 7370
0.00002755 3997
0.00002116 2741
0.00003536 4069
0.00000926 1266
0.00001226 427
0.00001726 2573
0.00004836 5749
0.00004345 4348
0.00001244 643
0.00001223 135
0.00001125 582
0.00001852 1787
0.00000863 1319
0.00003265 698
0.00001235 986
0.00004518 2638
0.00000622 150
0.00004583 4274
0.00006524 5543
0.00002851 1757
0.00001979 1960
0.00000311 17
0.00002253 631
0.00000463 271
0.00000613 7
0.00000593 892
0.00000746 129
0.00000121 16
0.00003958 5132
0.00001905 2467
0.00000720 445
0.00002351 2668
0.00001431 854
0.00000373 223
0.00027398 48276
0.00000360 523
0.00004619 4152
0.00002372 640
0.00002984 2904
0.00005785 6617
0.00021380 37247
0.00002880 1638
0.00013546 10583
0.00003301 1884
0.00001209 936
0.00001186 1679
0.00002743 3589
0.00001492 1159
0.00002945 2003
0.00001440 759
0.00006602 5216
0.00002577 681
0.00002714 501
0.00001021 484
0.00004095 5591
0.00009214 10476
0.00001936 593
0.00005124 2788
0.00001339 1296
0.00007554 8713
0.00000045 36
0.00003609 2477
0.00004232 5466
0.00001042 1233
0.00001357 456
0.00001220 784
0.00004607 5033
0.00000619 376
0.00000968 818
0.00010248 12025
0.00009315 10436
0.00004809 2838
0.00000884 574
0.00002084 2703
0.00000610 9
0.00001238 476
0.00004982 806
0.00000484 174
0.00002241 3076
0.00001375 2303
0.00006268 3506
0.00000180 369
0.00000442 57
0.00000305 454
0.00002955 2287
0.00000242 223
0.00002987 1584
0.00002750 3508
0.00003134 3017
0.00000090 104
0.00001965 1306
0.00001189 1099
0.00000521 393
0.00000221 246
0.00001989 1875
0.00002672 5501
0.00020674 30219
0.00000347 239
0.00002357 3509
0.00004613 4100
0.00001527 1136
0.00000723 916
0.00001336 939
0.00000694 1185
0.00001473 1844
0.00001397 892
0.00000849 1390
0.00003220 1532
0.00001446 1048
0.00000668 605
0.00010242 11579
0.00001388 1548
0.00001698 841
0.00002839 1529
0.00001821 500
0.00005669 5768
0.00004372 5513
0.00005214 5237
0.00000334 371
0.00002375 3111
0.00008881 9570
0.00004488 3066
0.00001137 1211
0.00000167 107
0.00001434 984
0.00003339 1948
0.00001640 2174
0.00005208 4283
0.00004726 4029
0.00002274 799
0.00002868 1568
0.00000820 373
0.00003863 1597
0.00001119 170
0.00002467 3054
0.00000410 508
0.00001333 1236
0.00002601 1810
0.00002238 1358
0.00010047 9493
0.00002871 3486
0.00000717 343
0.00000205 49
0.00000077 9
0.00005107 6032
0.00000015 15
0.00002128 845
0.00001436 344
0.00000154 9
0.00048946 44198
0.00003519 2079
0.00010214 9015
0.00000030 35
0.00001064 374
0.00000457 46
0.00003763 6865
0.00001917 641
0.00004262 4964
0.00000060 59
0.00000532 354
0.00000893 718
0.00000914 701
0.00000359 199
0.00006644 4897
0.00002143 1358
0.00001655 923
0.00003786 2741
0.00010024 5324
0.00000120 262
0.00000266 84
0.00001786 1431
0.00001807 1760
0.00001828 1969
0.00000718 800
0.00003322 2575
0.00001232 939
0.00000663 364
0.00002991 2830
0.00000853 557
0.00000261 126
0.00002125 3186
0.00000133 17
0.00000240 163
0.00001401 1730
0.00004369 5386
0.00002464 2768
0.00000522 957
0.00001131 1173
0.00000705 410
0.00000480 293
0.00005188 5518
0.00011298 14613
0.00002689 1973
0.00000308 740
0.00000813 715
0.00002652 2082
0.00005996 3684
0.00000917 1051
0.00002789 1637
0.00001044 193
0.00001410 1027
0.00000960 655
0.00001969 1438
0.00004212 5450
0.00067347 72172
0.00000616 141
0.00001561 833
0.00001326 1034
0.00001626 1275
0.00001834 1502
0.00002088 2140
0.00001920 1397
0.00000355 242
0.00008257 8658
0.00002075 2626
0.00001670 758
0.00000710 365
0.00000129 49
0.00000835 587
0.00001195 551
0.00001420 1178
0.00004381 5513
0.00005272 5803
0.00015885 14836
0.00004399 5333
0.00001911 955
0.00008307 5935
0.00010544 7951
0.00004271 5032
0.00001739 1428
0.00001485 462
0.00073234 69820
0.00002915 3285
0.00001032 1322
0.00002033 1073
0.00001554 1254
0.00002024 916
0.00000503 178
0.00002064 1188
0.00003691 2280
0.00011679 16007
0.00000777 96
0.00001012 447
0.00004191 4049
0.00000258 94
0.00006071 7546
0.00004081 1631
0.00004274 5328
0.00006775 6695
0.00000506 97
0.00002012 930
0.00001959 1540
0.00000516 400
0.00000253 87
0.00001006 1694
0.00000107 58
0.00000016 30
0.00002725 1550
0.00001478 606
0.00002854 1793
0.00000243 194
0.00002622 1689
0.00000032 3
0.00000486 750
0.00001311 965
0.00003918 2462
0.00000064 24
0.00008161 8076
0.00004875 4759
0.00000972 299
0.00002557 2238
0.00002015 1793
0.00000128 131
0.00000739 262
0.00004011 5068
0.00001347 644
0.00001944 1727
0.00004048 5196
0.00003929 1219
0.00001549 528
0.00001719 1141
0.00001712 1079
0.00000256 84
0.00001318 308
0.00001649 1353
0.00001843 2211
0.00000856 939
0.00000512 437
0.00005940 6784
0.00004914 6815
0.00000428 207
0.00001024 1337
0.00004654 6365
0.00003941 4237
0.00000214 109
0.00002048 1015
0.00000659 839
0.00004150 3157
0.00003340 3748
0.00000911 212
0.00012860 7612
0.00044333 47080
0.00001499 1157
0.00004176 4986
0.00001938 3633
0.00001053 662
0.00001517 1068
0.00000747 393
0.00008037 7256
0.00001015 341
0.00005578 5986
0.00004155 5039
0.00000969 1162
0.00002095 2649
0.00003215 2838
0.00001494 499
0.00002738 3147
0.00003751 3309
0.00001958 1068
0.00013459 10523
0.00001369 1813
0.00004013 5181
0.00004475 5375
0.00003383 3655
0.00001305 1012
0.00004524 5932
0.00014814 13630
0.00004661 2748
0.00000979 665
0.00001297 1518
0.00000411 509
0.00000638 677
0.00001253 776
0.00003572 2536
0.00001531 588
0.00001116 961
0.00000195 135
0.00001896 1064
0.00001661 1964
0.00000319 140
0.00001315 1175
0.00003834 4171
0.00002232 2449
0.00000390 786
0.00000948 655
0.00002053 1761
0.00009191 10849
0.00001644 562
0.00002552 1292
0.00003405 3733
0.00011589 12631
0.00000279 86
0.00000780 204
0.00000474 825
0.00010805 6078
0.00000822 329
0.00001276 1526
0.00001951 1668
0.00011470 5537
0.00006810 8354
0.00006311 1242
0.00000558 180
0.00001560 2749
0.00000237 144
0.00001572 347
0.00001881 1788
0.00000696 514
0.00001691 1255
0.00005054 5733
0.00000211 152
0.00003248 1311
0.00000207 72
0.00000832 130
0.00000695 168
0.00001887 1169
0.00001294 1666
0.00000786 838
0.00004245 5362
0.00000348 255
0.00002265 1037
0.00001204 2311
0.00005081 6241
0.00004380 3591
0.00000422 106
0.00000414 308
0.00001664 1435
0.00000647 335
0.00000393 54
0.00002784 1034
0.00000602 82
0.00006371 3904
0.00000844 661
0.00000208 81
0.00002780 2951
0.00000828 500
0.00000807 642
0.00005747 7188
0.00001392 1081
0.00006859 2053
0.00000301 197
0.00001635 1694
0.00001656 724
0.00000416 229
0.00001390 1580
0.00002170 2335
0.00005328 4172
0.00000052 22
0.00004036 5476
0.00003994 3843
0.00002861 5912
0.00000991 1429
0.00001085 1136
0.00029432 42758
0.00000104 63
0.00017050 26268
0.00003537 1208
0.00006693 6678
0.00000174 41
0.00003679 5205
0.00003096 1831
0.00000013 21
0.00014176 6748
0.00002559 1922
0.00004238 5285
0.00004902 6103
0.00000087 104
0.00004322 5367
0.00000026 19
0.00003739 2238
0.00001593 1237
0.00003080 4068
0.00001798 2417
0.00000445 33
0.00000631 227
0.00003522 4109
0.00001327 2346
0.00007513 4612
0.00004078 5364
0.00001285 1704
0.00010258 19604
0.00000899 702
0.00002517 1301
0.00054787 58190
0.00014242 19137
0.00000573 51
0.00000515 353
0.00001679 2410
0.00001874 497
0.00001067 700
0.00001780 1047
0.00002524 1708
0.00003138 1276
0.00004679 5587
0.00051457 75252
0.00001146 974
0.00001493 596
0.00003681 2379
0.00001030 483
0.00000937 1578
0.00016951 23293
0.00002271 2089
0.00002134 2367
0.00000890 449
0.00001262 1029
0.00001027 559
0.00007549 8737
0.00002060 4193
0.00000789 818
0.00000227 313
0.00001575 1867
0.00002475 1031
0.00004435 5222
0.00000454 112
0.00002777 2841
0.00014848 13939
0.00002286 1937
0.00005280 7108
0.00000908 118
0.00003323 1234
0.00002977 2056
0.00005399 7020
0.00001143 486
0.00001751 2224
0.00001816 407
0.00004119 4958
0.00006306 4797
0.00000742 695
0.00004709 915
0.00000232 129
0.00001190 497
0.00001320 361
0.00003502 2435
0.00003632 1705
0.00000236 136
0.00005045 6189
0.00001566 946
0.00000017 23
0.00000371 327
0.00012873 16611
0.00000464 527
0.00000472 448
0.00000689 759
0.00000783 1184
0.00000034 26
0.00002968 1523
0.00003156 2926
0.00004405 2306
0.00000928 1075
0.00009906 15195
0.00006009 3714
0.00000330 182
0.00000944 1515
0.00001378 1208
0.00000068 68
0.00001737 479
0.00000595 575
0.00005366 4501
0.00000660 272
0.00001888 1054
0.00002756 1099
0.00000136 78
0.00004542 5918
0.00001211 436
0.00000754 289
0.00001703 1998
0.00001274 1125
0.00000272 174
0.00000570 241
0.00002113 3057
0.00002949 2686
0.00001169 231
0.00000385 282
0.00003358 4133
0.00003748 4011
0.00003239 5538
0.00002422 1644
0.00000377 418
0.00000029 47
0.00000165 49
0.00002548 1472
0.00011944 14620
0.00000285 311
0.00000544 283
0.00000770 360
0.00002833 2046
0.00000058 66
0.00003533 4411
0.00000875 1132
0.00003217 1607
0.00000059 71
0.00001088 1233
0.00002280 1779
0.00004203 5366
0.00001540 1786
0.00006526 6499
0.00003596 2477
0.00071240 68954
0.00001508 1208
0.00000116 36
0.00007066 5909
0.00001750 1334
0.00000637 1055
0.00001761 1242
0.00000118 15
0.00002039 1976
0.00001140 331
0.00000721 113
0.00002119 521
0.00000014 4
0.00000774 798
0.00002161 678
0.00000333 20
0.00014556 15275
0.00017543 25754
0.00002411 1910
0.00016759 11675
0.00002643 1452
0.00007155 6981
0.00000028 22
0.00001548 227
0.00003501 5698
0.00000666 388
0.00005423 1904
0.00000443 127
0.00001997 1439
0.00002884 1621
0.00002191 1417
0.00000056 29
0.00008680 9878
0.00001332 1235
0.00004570 6306
0.00000886 464
0.00001009 1162
0.00001442 1592
0.00000112 61
0.00007643 1585
0.00000387 319
0.00009323 7835
0.00001772 940
0.00002018 980
0.00000224 128
0.00000902 768
0.00003270 1961
0.00000203 247
0.00006021 8999
0.00005271 3896
0.00000448 388
0.00003971 938
0.00000406 311
0.00005560 4481
0.00000821 830
0.00003569 781
0.00007453 8007
0.00002842 3410
0.00000896 798
0.00004530 5575
0.00002190 1589
0.00000812 353
0.00000951 967
0.00003617 2601
0.00004215 3378
0.00001642 738
0.00001413 1225
0.00001421 1040
0.00001095 1621
0.00001792 3590
0.00015548 21679
0.00000451 171
0.00001624 916
0.00001902 1720
0.00003774 5192
0.00000537 122
0.00002760 2602
0.00002435 1158
0.00001338 2065
0.00003548 3387
0.00001380 392
0.00007479 1471
0.00002676 2637
0.00002148 972
0.00001551 1445
0.00001065 684
0.00000690 790
0.00003833 5031
0.00003440 1781
0.00001962 634
0.00006102 7784
0.00001590 2445
0.00000099 33
0.00001074 1141
0.00002130 2869
0.00000345 420
0.00017027 25843
0.00003351 2042
0.00000981 994
0.00000795 421
0.00005906 5630
0.00000669 220
0.00000198 105
0.00004855 1872
0.00005465 6577
0.00002298 2367
0.00005447 6123
0.00003033 2739
0.00004343 2908
0.00000396 716
0.00003446 4981
0.00002771 4834
0.00023716 20218
0.00001149 566
0.00000792 508
0.00005519 6451
0.00001335 892
0.00002959 3954
0.00004248 5089
0.00004154 2649
0.00001584 1553
0.00002670 1552
0.00001097 962
0.00001371 919
0.00000023 6
0.00001744 503
0.00005823 4404
0.00003928 2929
0.00003345 3880
0.00003513 2586
0.00003429 3854
0.00009573 11108
0.00000046 40
0.00000872 687
0.00001469 633
0.00004237 5002
0.00000092 102
0.00000436 638
0.00017255 19034
0.00003882 4504
0.00002078 740
0.00000184 94
0.00000218 171
0.00001039 989
0.00004332 5141
0.00001306 1293
0.00000759 351
0.00000501 7
0.00000109 29
0.00000368 418
0.00001839 731
0.00001940 2572
0.00003039 3213
0.00002356 2400
0.00038447 55748
0.00010638 13807
0.00009430 9157
0.00000736 1025
0.00000970 200
0.00001086 355
0.00000459 113
0.00001178 708
0.00004370 5714
0.00002004 807
0.00000485 487
0.00000543 38
0.00000918 760
0.00003597 3028
0.00000589 699
0.00001542 1386
0.00004522 6046
0.00000653 80
0.00001518 1050
0.00001002 1046
0.00002843 1883
0.00003418 4492
0.00000771 330
0.00009044 8934
0.00001422 1651
0.00000339 197
0.00000465 365
0.00001709 1822
0.00007439 7720
0.00003809 3934
0.00002203 2021
0.00000530 314
0.00000678 388
0.00000179 113
0.00001524 364
0.00004249 2746
0.00002539 1185
0.00032846 29045
0.00003084 3565
0.00002261 963
0.00000265 211
0.00004275 1886
0.00005224 4659
0.00001860 1998
0.00002417 1925
0.00001356 913
0.00003073 2434
0.00001515 69
0.00000762 545
0.00002510 1023
0.00002120 867
0.00002185 860
0.00000711 1219
0.00003179 3654
0.00000930 373
0.00003030 3266
0.00000381 38
0.00004019 5562
0.00014878 15151
0.00001255 884
0.00001060 679
0.00001443 1125
0.00001432 892
0.00004391 3770
0.00002166 2180
0.00000491 1085
0.00001941 565
0.00001667 1203
0.00002665 1013
0.00008782 9113
0.00001083 720
0.00000358 7
0.00000982 1020
0.00004486 5967
0.00002362 1971
0.00001973 1306
0.00003625 2787
0.00010968 10713
0.00000716 196
0.00003369 1723
0.00004121 5219
0.00001181 159
0.00002077 3702
0.00001475 939
0.00000881 604
0.00001062 1585
0.00017683 26090
0.00004388 3364
0.00001762 927
0.00001490 897
0.00005793 7103
0.00001723 2357
0.00001846 1769
0.00003027 2510
0.00000745 347
0.00007249 8550
0.00002426 2739
0.00000923 999
0.00003787 3127
0.00001741 1000
0.00001155 2025
0.00001213 1141
0.00001825 15
0.00000531 508
0.00004260 5846
0.00004498 5493
0.00007848 9244
0.00000860 670
0.00001976 1293
0.00002066 1166
0.00000527 191
0.00015594 12432
0.00002908 846
0.00001857 466
0.00001720 2168
0.00003924 4255
0.00004198 1600
0.00000988 184
0.00001033 1093
0.00004501 5266
0.00007742 9071
0.00001774 1774
0.00000215 443
0.00003577 5795
0.00000865 144
0.00000494 599
0.00002278 1185
0.00002108 1374
0.00005352 5670
0.00006109 4529
0.00000887 1204
0.00000727 442
0.00000430 356
0.00001730 1506
0.00004870 6568
0.00000247 163
0.00001139 1092
0.00001054 769
0.00001783 706
0.00001803 828
0.00000753 453
0.00001457 555
0.00009660 5876
0.00008360 10096
0.00001408 764
0.00002813 1249
0.00002011 498
0.00003012 1482
0.00001353 1833
0.00000704 428
0.00001399 605
0.00001971 1740
0.00003927 5430
0.00001506 564
0.00002706 2136
0.00000352 120
0.00003183 1403
0.00000479 277
0.00001892 939
0.00002911 1740
0.00000733 777
0.00000176 57
0.00005745 4539
0.00000946 535
0.00004775 2348
0.00000088 47
0.00004640 5182
0.00006310 4722
0.00003097 1713
0.00002819 2520
0.00000473 559
0.00001916 1215
0.00002215 989
0.00003798 4931
0.00004209 5435
0.00000044 76
0.00004346 5748
0.00004125 5811
0.00000823 686
0.00000958 219
0.00004545 5476
0.00004293 5591
0.00007599 4399
0.00001466 1335
0.00000022 11
0.00003847 4440
0.00001646 860
0.00000079 25
0.00002896 1063
0.00001617 1865
0.00000269 29
0.00000011 12
0.00000158 28
0.00011799 15301
0.00004450 1506
0.00001199 286
0.00011442 15117
0.00003256 3096
0.00003003 2133
0.00001448 467
0.00000538 356
0.00001625 1139
0.00004894 5916
0.00003088 3099
0.00001451 2275
0.00003988 1631
0.00009163 12762
0.00000724 137
0.00000939 1655
0.00001076 1545
0.00021611 19331
0.00002289 1781
0.00008995 11504
0.00001827 698
0.00000362 10
0.00001878 1593
0.00002152 2554
0.00001350 832
0.00001264 662
0.00005495 7352
0.00001170 1328
0.00001411 1002
0.00000181 633
0.00001596 1091
0.00001134 1216
0.00002528 2393
0.00002822 2656
0.00000798 425
0.00005674 4601
0.00016280 13810
0.00002268 1404
0.00003963 3876
0.00003738 1705
0.00040283 58347
0.00000316 327
0.00003066 3985
0.00006227 4240
0.00002703 2592
0.00007188 7286
0.00000929 861
0.00000399 154
0.00002499 1934
0.00000949 1075
0.00004592 5479
0.00000675 456
0.00004534 4955
0.00000632 1152
0.00000585 271
0.00003594 3985
0.00001858 1054
0.00002935 4188
0.00003868 3757
0.00000567 389
0.00002267 2591
0.00016148 22681
0.00003893 2815
0.00004497 2449
0.00001018 514
0.00002997 2779
0.00002035 2708
0.00001934 1737
0.00000365 152
0.00001148 453
0.00004153 5327
0.00003701 3920
0.00001533 1498
0.00062189 84300
0.00002981 2994
0.00014879 16478
0.00004662 5670
0.00000967 490
0.00002685 1853
0.00000730 505
0.00002296 1596
0.00004037 5038
0.00004001 5114
0.00001637 1184
0.00001595 1274
0.00002183 3030
0.00002837 1544
0.00004536 5512
0.00004355 5772
0.00000287 64
0.00001460 447
0.00001869 1045
0.00000509 390
0.00000574 326
0.00002920 2411
0.00008527 4133
0.00000997 519
0.00000433 468
0.00003654 1981
0.00000407 328
0.00001530 1557
0.00008265 8921
0.00014543 18840
0.00006658 3232
0.00000469 18
0.00000386 172
0.00001994 702
0.00001402 1035
0.00004439 5248
0.00007812 10614
0.00000765 290
0.00007512 3626
0.00000193 105
0.00000701 601
0.00001732 227
0.00001003 387
0.00002225 1403
0.00001628 520
0.00002926 2850
0.00000801 505
0.00003113 3514
0.00002447 1478
0.00003250 1580
0.00001544 667
0.00000866 1075
0.00002006 2157
0.00002057 2200
0.00001463 885
0.00000814 1049
0.00000938 1069
0.00001602 208
0.00000772 1014
0.00004799 5760
0.00004757 4796
0.00073116 100800
0.00004961 5796
0.00012085 4311
0.00004441 5273
0.00001341 790
0.00000580 521
0.00003292 613
0.00003832 2857
0.00004430 4828
0.00000290 230
0.00009134 10995
0.00002320 1464
0.00024524 25509
0.00004058 5265
0.00003784 4241
0.00007307 7891
0.00004567 1682
0.00001160 687
0.00003559 3567
0.00001202 675
0.00008787 4931
0.00004022 5229
0.00002404 1268
0.00001286 435
0.00001045 1010
0.00000643 706
0.00000145 63
0.00001611 2746
0.00001779 2126
0.00000601 382
0.00003606 1605
0.00002090 2672
0.00009455 13842
0.00003187 2373
0.00004032 5005
0.00001185 1784
0.00000444 197
0.00004396 5372
0.00002370 650
0.00000222 135
0.00033822 49854
0.00000131 69
0.00004317 5434
0.00001237 1369
0.00001776 2093
0.00008634 12583
0.00002474 2184
0.00000888 1011
0.00001975 3544
0.00003359 2657
0.00013770 19258
0.00000524 612
0.00004222 5182
0.00009659 11344
0.00003071 3327
0.00004454 5616
0.00003907 5139
0.00003377 3587
0.00001359 1218
0.00000755 27
0.00000262 141
0.00008444 9199
0.00006754 7530
0.00003264 2010
0.00014090 7764
0.00001555 1547
0.00004675 5239
0.00001510 934
0.00001597 231
0.00004579 5235
0.00002096 2258
0.00000111 94
0.00003974 5411
0.00002605 3473
0.00003472 3370
0.00003356 2093
0.00006849 4252
0.00015281 20886
0.00001048 1087
0.00003508 3795
0.00001879 1791
0.00002569 2377
0.00006790 7188
0.00001391 896
0.00001301 578
0.00009160 12566
0.00004329 5464
0.00002367 2489
0.00002941 1744
0.00002782 1493
0.00018725 16619
0.00001957 766
0.00010604 17968
0.00000983 79
0.00016746 25774
0.00003236 3326
0.00001995 1465
0.00019744 29728
0.00001966 1840
0.00000591 142
0.00013984 7992
0.00003013 313
0.00007909 6020
0.00004390 5152
0.00002883 1733
0.00001583 1779
0.00001142 781
0.00001035 542
0.00004673 3801
0.00003487 3998
0.00001734 1142
0.00002364 1719
0.00004085 5301
0.00000571 1111
0.00004295 3686
0.00003092 1012
0.00000993 600
0.00001055 765
0.00000867 632
0.00001182 1167
0.00001986 1665
0.00004984 3622
0.00002110 1722
0.00001629 1428
0.00000874 498
0.00009938 12098
0.00000773 966
0.00001713 1062
0.00000424 200
0.00004069 5414
0.00002521 2004
0.00002384 3237
0.00000466 173
0.00003468 4539
0.00001748 488
0.00001546 2298
0.00001394 686
0.00001246 935
0.00001329 1432
0.00000212 107
0.00000233 389
0.00001192 1247
0.00000697 379
0.00000623 79
0.00001696 1079
0.00000596 281
0.00001864 704
0.00000437 119
0.00004568 5831
0.00002195 2963
0.00000848 410
0.00014470 12787
0.00000298 153
0.00000932 401
0.00001618 1775
0.00004817 6048
0.00002651 2461
0.00002342 1009
0.00000617 812
0.00003932 5095
0.00003163 1965
0.00002587 1243
0.00000235 108
0.00001423 961
0.00000149 56
0.00000809 477
0.00002391 1224
0.00001171 1318
0.00002275 2667
0.00001308 1179
0.00000470 114
0.00002846 3909
0.00004633 2378
0.00001145 592
0.00008075 8552
0.00004359 6660
0.00002468 320
0.00000106 37
0.00005875 6227
0.00000654 167
0.00004734 5911
0.00003831 4327
0.00001087 529
0.00000940 208
0.00005882 6314
0.00004301 5758
0.00002290 3194
0.00005204 5331
0.00001507 2078
0.00001234 833
0.00000053 14
0.00000327 104
0.00002174 2551
0.00008602 7988
0.00002153 2788
0.00006040 11015
0.00001838 2307
0.00008470 6425
0.00003758 3054
0.00000408 595
0.00000839 1036
0.00000868 946
0.00003353 2892
0.00000919 1243
0.00004466 5782
0.00006735 4769
0.00007031 5001
0.00000877 584
0.00002189 1200
0.00004235 4627
0.00001987 1907
0.00002709 1153
0.00000204 300
0.00010325 7490
0.00001736 956
0.00001678 1725
0.00000063 33
0.00004401 5382
0.00001632 593
0.00004443 5952
0.00000217 256
0.00012776 15922
0.00000126 90
0.00002207 1398
0.00002111 2760
0.00002227 1672
0.00000816 284
0.00008015 8433
0.00001785 1394
0.00000434 102
0.00004097 5068
0.00002395 2059
0.00001745 1190
0.00000252 106
0.00004948 6216
0.00003950 5260
0.00001041 580
0.00004034 1216
0.00000504 224
0.00003415 2136
0.00007199 10732
0.00001266 936
0.00002593 1094
0.00002082 467
0.00004045 2765
0.00000990 526
0.00001008 1978
0.00000633 702
0.00000102 48
0.00000495 762
0.00001099 800
0.00003837 4813
0.00002379 2946
0.00024116 36526
0.00000051 8
0.00002040 1029
0.00001069 893
0.00004627 6151
0.00010468 11951
0.00000559 84
0.00000836 1147
0.00004122 3182
0.00001020 1169
0.00004960 4118
0.00000033 41
0.00005341 5272
0.00004505 5352
0.00003724 3478
0.00001672 764
0.00005811 2433
0.00000510 142
0.00000066 67
0.00004151 3985
0.00001639 502
0.00002575 2851
0.00008374 9843
0.00003342 2633
0.00001121 1602
0.00003154 2833
0.00000089 27
0.00002236 1317
0.00003238 3160
0.00000209 369
0.00003068 264
0.00000255 249
0.00000132 46
0.00004781 5509
0.00002242 739
0.00002943 1149
0.00000178 225
0.00001118 521
0.00000418 258
0.00000264 67
0.00000649 67
0.00002344 984
0.00007567 9335
0.00000356 482
0.00000523 222
0.00000533 790
0.00004876 5161
0.00000528 540
0.00012602 11884
0.00000565 567
0.00001172 660
0.00001945 1559
0.00001535 748
0.00000712 831
0.00004656 5806
0.00001066 1257
0.00001871 1667
0.00001056 668
0.00004425 6812
0.00004129 5471
0.00007400 9277
0.00001130 1128
0.00000586 108
0.00011432 16899
0.00002141 1262
0.00003428 3911
0.00001424 1256
0.00006571 2474
0.00004591 5483
0.00002092 904
0.00002132 1378
0.00002112 2551
0.00000293 775
0.00001298 1144
0.00002260 1676
0.00002890 2915
0.00001017 592
0.00001046 1517
0.00020176 30404
0.00001903 1357
0.00000815 411
0.00001924 916
0.00001011 1122
0.00002300 2574
0.00007210 5709
0.00003103 2292
0.00005222 1633
0.00003059 3942
0.00000825 732
0.00001630 952
0.00000962 310
0.00003599 2819
0.00001150 971
0.00012923 20224
0.00001650 1364
0.00000481 208
0.00000575 104
0.00004319 5569
0.00001829 1913
0.00001109 1648
0.00002501 1944
0.00004865 5483
0.00005338 3427
0.00005506 5872
0.00004410 5967
0.00001636 962
0.00001787 1457
0.00004136 5105
0.00001755 833
0.00002925 2638
0.00017159 13935
0.00000818 342
0.00002507 2024
0.00001374 40
0.00000409 376
0.00006432 7256
0.00002322 1744
0.00003082 1751
0.00002147 1251
0.00001403 662
0.00003384 2172
0.00000687 171
0.00002123 2938
0.00018199 24284
0.00003532 3474
0.00001161 1872
0.00001487 2787
0.00004377 3442
0.00017032 23584
0.00000281 285
0.00004246 5741
0.00020056 20980
0.00001766 1228
0.00002212 1690
0.00000846 199
0.00005612 7169
0.00002028 2636
0.00003943 3180
0.00000804 179
0.00000562 534
0.00000883 1263
0.00000517 436
0.00001106 1262
0.00004294 5220
0.00001692 817
0.00011224 14726
0.00001014 395
0.00006085 5375
0.00001599 1622
0.00000402 155
0.00001124 1693
0.00000553 368
0.00001034 1566
0.00000507 15
0.00004027 3748
0.00002187 51
0.00004169 5444
0.00002129 1450
0.00000201 236
0.00003272 4635
0.00004651 2475
0.00002068 1572
0.00004561 6046
0.00000423 122
0.00009836 7230
0.00002753 2267
0.00004206 5005
0.00002205 1691
0.00001127 786
0.00013759 17167
0.00002254 1414
0.00085449 84959
0.00003260 3764
0.00008326 7228
0.00003806 4306
0.00007221 6532
0.00009955 5935
0.00004264 2994
0.00004877 1309
0.00001850 2614
0.00000187 110
0.00000113 38
0.00004520 5606
0.00002516 2955
0.00000857 339
0.00000582 178
0.00008528 7271
0.00007517 10253
0.00006330 8157
0.00000925 1047
0.00001225 1459
0.00001429 380
0.00001258 591
0.00001287 640
0.00003141 3865
0.00004793 999
0.00000291 215
0.00004184 5086
0.00000155 221
0.00000629 419
0.00003070 3684
0.00002328 1708
0.00001219 603
0.00000103 34
0.00001005 360
0.00012564 16246
0.00001164 934
0.00001743 1809
0.00001261 999
0.00000620 360
0.00001222 612
0.00000206 107
0.00008367 3271
0.00001808 1004
0.00008462 7694
0.00004484 5269
0.00003249 2406
0.00001606 2286
0.00000767 469
0.00003523 5232
0.00005838 4211
0.00000310 301
0.00000412 188
0.00001496 772
0.00005150 3718
0.00000904 583
0.00004231 3158
0.00000803 1285
0.00006079 8006
0.00001577 2240
0.00001534 1449
0.00004469 5350
0.00000824 316
0.00005433 6637
0.00000748 825
0.00000452 300
0.00002617 2270
0.00001955 564
0.00003581 2530
0.00001862 2408
0.00004080 5066
0.00001240 1560
0.00000611 747
0.00001648 2721
0.00000374 254
0.00000226 49
0.00003913 1585
0.00000931 407
0.00002324 1562
0.00001988 2485
0.00002072 1057
0.00002093 828
0.00002114 2860
0.00001296 1414
0.00001162 675
0.00005419 6084
0.00000994 489
0.00001036 925
0.00009826 12961
0.00003476 4429
0.00001057 352
0.00004458 4110
0.00000963 872
0.00002592 1225
0.00000581 76
0.00000497 1111
0.00000518 10
0.00008540 10074
0.00000324 97
0.00006681 5503
0.00000901 600
0.00003230 4288
0.00005514 6696
0.00000259 221
0.00007637 5069
0.00001805 2692
0.00000648 404
0.00001998 2466
0.00001933 793
0.00003107 3005
0.00000889 1009
0.00001796 1892
0.00000749 782
0.00001317 798
0.00001724 16
0.00000081 137
0.00003293 3146
0.00000999 1078
0.00002223 1564
0.00004007 5276
0.00000898 782
0.00001778 538
0.00000862 185
0.00002634 1883
0.00023252 35337
0.00000162 235
0.00012562 16478
0.00000449 445
0.00004637 5496
0.00001897 1301
0.00001447 1186
0.00000431 208
0.00001695 23
0.00001498 1767
0.00002894 2950
0.00001677 445
0.00001115 945
0.00001594 1933
0.00001731 2749
0.00003628 5851
0.00001710 816
0.00000304 344
0.00003063 2353
0.00000941 865
0.00002230 1453
0.00000797 1501
0.00000855 458
0.00003901 4872
0.00008551 11319
0.00004323 5373
0.00000608 394
0.00001216 795
0.00003702 3138
0.00007874 2770
0.00002165 2288
0.00001847 2091
0.00001023 1034
0.00002439 2419
0.00000161 62
0.00001689 873
0.00003337 2712
0.00001319 878
0.00005645 4801
0.00007803 8711
0.00006900 1262
0.00003757 4761
0.00000019 5
0.00002335 2220
0.00000322 132
0.00001094 677
0.00000038 7
0.00024377 42545
0.00000644 734
0.00003010 3202
0.00000779 730
0.00000076 74
0.00001811 1397
0.00001288 1976
0.00004312 5169
0.00001505 2202
0.00002295 1405
0.00001558 2337
0.00000152 68
0.00000547 864
0.00000071 27
0.00003116 3773
0.00008797 9685
0.00003607 2720
0.00000275 129
0.00001435 639
0.00006851 7292
0.00000605 170
0.00000009 7
0.00000200 242
0.00000142 297
0.00001078 756
0.00006020 7525
0.00000550 447
0.00000400 717
0.00000539 387
0.00001725 1381
0.00001970 1423
0.00001683 851
0.00001100 618
0.00004376 2957
0.00000800 643
0.00008529 11473
0.00000985 1782
0.00021306 31936
0.00002200 1615
0.00001210 1660
0.00000858 717
0.00001136 416
0.00002019 2772
0.00012942 16180
0.00001935 2012
0.00003694 2140
0.00009085 3998
0.00006863 6358
0.00004864 5812
0.00001716 2445
0.00002272 692
0.00002775 2275
0.00012752 16369
0.00001851 970
0.00000025 5
0.00007850 11815
0.00000284 61
0.00001377 1149
0.00000907 546
0.00000050 14
0.00000429 712
0.00000568 388
0.00002754 3449
0.00003188 55
0.00007019 5225
0.00003571 5332
0.00000100 83
0.00004449 4780
0.00000097 97
0.00005089 3241
0.00015130 8708
0.00006186 8709
0.00001756 1238
0.00001201 83
0.00003390 4952
0.00006613 6461
0.00002304 1934
0.00006555 2892
0.00000878 649
0.00003093 665
0.00002455 1698
0.00004365 5333
0.00007181 5628
0.00001152 671
0.00004769 5916
0.00001915 1198
0.00000439 317
0.00001389 857
0.00004495 5662
0.00000576 415
0.00009538 11022
0.00007565 6403
0.00003845 2728
0.00001909 1185
0.00013679 18141
0.00003448 2444
0.00000288 97
0.00000847 1139
0.00001615 1122
0.00002757 2953
0.00004899 5604
0.00011604 15713
0.00000455 241
0.00002307 2882
0.00002135 872
0.00000144 109
0.00001694 1379
0.00000776 480
0.00003241 4419
0.00000597 153
0.00002503 1927
0.00000072 44
0.00000388 223
0.00001194 820
0.00001738 2166
0.00002229 1335
0.00001875 1537
0.00000036 21
0.00001331 925
0.00004354 5049
0.00000194 201
0.00004144 5305
0.00000869 257
0.00001519 582
0.00000910 350
0.00000018 7
0.00002662 1162
0.00008351 5463
0.00002314 2890
0.00000953 904
0.00002578 3712
0.00001701 758
0.00002715 2734
0.00001183 455
0.00001564 1395
0.00007125 4222
0.00001157 893
0.00006886 2912
0.00001906 1939
0.00001289 1669
0.00004787 6034
0.00007768 7501
0.00002366 2743
0.00000782 148
0.00003158 6055
0.00000391 258
0.00003515 2962
0.00001921 1704
0.00002311 2351
0.00010273 11302
0.00002693 2953
0.00001861 2466
0.00003306 4098
0.00002546 4035
0.00001659 1992
0.00003081 3155
0.00000458 552
0.00002903 3074
0.00006286 5738
0.00004566 3259
0.00001273 78
0.00000475 2
0.00000691 1128
0.00000229 16
0.00001601 1827
0.00000417 8
0.00004055 5264
0.00001643 769
0.00004685 5255
0.00000950 337
0.00001382 1037
0.00003746 3315
0.00001832 1865
0.00003152 2381
0.00000834 653
0.00006423 6725
0.00002764 2481
0.00000916 581
0.00002105 1949
0.00001668 1954
0.00010034 10994
0.00003991 1256
0.00004854 1237
0.00001956 1699
0.00001252 964
0.00023397 28151
0.00003652 1326
0.00000487 832
0.00002766 3605
0.00006661 3280
0.00001215 1491
0.00072889 99241
0.00000978 1338
0.00004955 5909
0.00010611 6605
0.00002504 3228
0.00001415 2581
0.00001383 837
0.00001029 546
0.00004949 5632
0.00006292 3925
0.00000489 115
0.00001151 556
0.00003789 4057
0.00000313 274
0.00004067 5504
0.00001790 1236
0.00001948 1771
0.00025638 19494
0.00003954 5034
0.00002302 748
0.00000626 497
0.00016226 16434
0.00000895 329
0.00000974 1007
0.00001849 1138
0.00002051 2241
0.00013167 15665
0.00004223 5110
0.00000397 476
0.00004162 5407
0.00002671 2502
0.00001180 1888
0.00001559 1281
0.00002629 1509
0.00006826 7170
0.00001412 263
0.00003841 3006
0.00003568 3604
0.00001310 2196
0.00004429 5496
0.00007052 8319
0.00007237 3838
0.00002824 3564
0.00003666 1064
0.00009227 10850
0.00000655 502
0.00002462 2852
0.00001588 1049
0.00000295 88
0.00000353 29
0.00003747 5391
0.00003069 4988
0.00001231 591
0.00000794 406
0.00000590 577
0.00001477 1842
0.00000706 529
0.00002534 1895
0.00007206 5420
0.00000351 194
0.00004494 5359
0.00005005 5594
0.00019047 17965
0.00001840 2818
0.00000223 154
0.00001267 751
0.00000702 1179
0.00000785 674
0.00003817 4559
0.00000920 446
0.00000446 425
0.00010480 12436
0.00001079 1066
0.00001404 1832
0.00004021 1510
0.00003854 1675
0.00000791 384
0.00000460 308
0.00000892 881
0.00001833 2559
0.00004102 5385
0.00008299 9234
0.00002158 794
0.00002808 916
0.00001763 1162
0.00026376 27964
0.00002081 1489
0.00003118 3894
0.00003759 1610
0.00004745 5753
0.00001582 2298
0.00003633 4191
0.00000230 186
0.00002293 1481
0.00001784 1096
0.00004116 5056
0.00008478 6847
0.00001573 1766
0.00011151 12505
0.00001977 1454
0.00004604 3274
0.00000115 72
0.00004239 5948
0.00004889 5355
0.00011057 8107
0.00009208 10560
0.00003591 4117
0.00003580 5768
0.00002325 2033
0.00003896 1780
0.00018220 26238
0.00008727 11534
0.00005008 6049
0.00001489 458
0.00000913 520
0.00006802 2972
0.00004860 5208
0.00005103 5463
0.00003912 4305
0.00010916 7486
0.00000492 7
0.00000837 525
0.00007233 8005
0.00003800 5006
0.00001433 1337
0.00002724 2721
0.00000788 418
0.00006614 6945
0.00001891 581
0.00004126 2233
0.00001026 751
0.00000246 441
0.00001674 2523
0.00001299 774
0.00020368 19784
0.00001278 1166
0.00002866 3075
0.00010279 6252
0.00001362 1035
0.00001873 3112
0.00003223 3435
0.00001576 1241
0.00004703 5388
0.00002052 1234
0.00000171 64
0.00004221 5486
0.00000639 625
0.00000681 1001
0.00002543 2397
0.00000197 61
0.00001173 1138
0.00015203 21661
0.00000984 973
0.00002209 1010
0.00003722 5121
0.00001653 869
0.00000394 504
0.00002346 1036
0.00000513 1033
0.00000684 208
0.00003675 3286
0.00004622 1428
0.00008325 12347
0.00000342 450
0.00001579 2895
0.00000123 101
0.00003431 4937
0.00000971 286
0.00004509 5426
0.00004253 5106
0.00006309 3219
0.00004732 1919
0.00004031 5101
0.00001368 1853
0.00003402 4687
0.00001942 3458
0.00031891 22316
0.00001523 1836
0.00005955 5107
0.00002009 1679
0.00000551 998
0.00002621 2363
0.00001545 672
0.00006258 384
0.00001073 518
0.00000541 1087
0.00004422 5258
0.00002027 2041
0.00000583 824
0.00000731 1127
0.00010256 12469
0.00010787 8526
0.00004090 5271
0.00001166 527
0.00004225 5155
0.00005967 4880
0.00003389 3630
0.00001462 1307
0.00000110 86
0.00009768 8641
0.00002164 3196
0.00003031 1448
0.00001102 1629
0.00000153 31
0.00001749 1579
0.00001355 1935
0.00002924 4165
0.00000055 63
0.00004884 1380
0.00001082 419
0.00001465 1388
0.00001061 1055
0.00000954 618
0.00000306 317
0.00000440 428
0.00001949 2692
0.00002399 3667
0.00002930 1368
0.00002122 1965
0.00001908 1974
0.00000612 1249
0.00000220 91
0.00005569 5914
0.00005021 6770
0.00010555 10242
0.00001279 1148
0.00009589 12080
0.00000885 520
0.00001937 1042
0.00003319 682
0.00001224 486
0.00003361 2222
0.00001760 542
0.00026279 27477
0.00001770 1620
0.00002067 1448
0.00000477 630
0.00002021 816
0.00002448 2412
0.00000880 219
0.00001603 551
0.00003308 1834
0.00002631 1575
0.00003484 4041
0.00002768 2298
0.00000091 18
0.00003670 2745
0.00004515 5467
0.00002537 1996
0.00002579 1490
0.00000027 16
0.00000587 45
0.00004197 5348
0.00000403 408
0.00000493 112
0.00001384 700
0.00000182 83
0.00004004 4367
0.00008465 8802
0.00004088 5493
0.00003959 4736
0.00002663 2720
0.00003445 4617
0.00001174 1527
0.00000806 402
0.00000692 541
0.00000986 1311
0.00000108 30
0.00001612 767
0.00000346 125
0.00001972 1203
0.00006074 2708
0.00000054 12
0.00000838 410
0.00000627 348
0.00005997 7410
0.00009677 14387
0.00000173 239
0.00000859 460
0.00000367 128
0.00000817 752
0.00000432 902
0.00001407 1667
0.00000957 1259
0.00001676 2259
0.00001718 2684
0.00002912 2748
0.00000734 311
0.00000216 29
0.00001634 782
0.00000757 847
0.00002508 2328
0.00002573 3208
0.00001623 1754
0.00000364 56
0.00001468 613
0.00001728 2356
0.00003056 2883
0.00000419 698
0.00000728 348
0.00000864 1002
0.00001163 726
0.00015788 11990
0.00004539 6176
0.00006251 2816
0.00002918 3927
0.00004265 3229
0.00001205 484
0.00000764 428
0.00002494 1348
0.00002817 1157
0.00001459 1836
0.00001373 1313
0.00000699 1177
0.00007135 5863
0.00002410 2360
0.00001247 953
0.00001528 1950
0.00002547 1961
0.00003352 4409
0.00002074 1831
0.00015767 21611
0.00001398 499
0.00001591 1385
0.00000190 59
0.00000191 66
0.00000995 832
0.00006704 7209
0.00001037 1290
0.00001647 2992
0.00002796 3896
0.00004229 5153
0.00003593 1750
0.00000095 25
0.00007555 4011
0.00000382 244
0.00003944 2012
0.00002642 1028
0.00002716 1913
0.00001275 716
0.00007460 4929
0.00000760 994
0.00000511 260
0.00004725 5882
0.00007843 7564
0.00001321 1777
0.00001358 1979
0.00002550 3335
0.00000380 160
0.00000827 357
0.00000871 432
0.00002169 2318
0.00000679 751
0.00016025 10220
0.00002002 1291
0.00022670 31050
0.00002044 2971
0.00004313 5412
0.00002615 1879
0.00001654 2488
0.00001742 874
0.00005074 4902
0.00001001 686
0.00005158 1124
0.00001520 2595
0.00003909 4251
0.00003087 3607
0.00001022 1292
0.00013101 17303
0.00000177 154
0.00004896 4533
0.00000540 488
0.00003341 1695
0.00002463 3030
0.00000535 708
0.00000270 228
0.00012393 16038
0.00004244 2867
0.00005961 3740
0.00001217 2051
0.00001886 1111
0.00006397 6277
0.00001080 834
0.00002434 2446
0.00002799 2749
0.00000943 141
0.00001070 743
0.00002841 1634
0.00005116 3092
0.00004664 5424
0.00002832 2291
0.00001263 853
0.00002442 4133
0.00001147 593
0.00054362 60725
0.00005491 5500
0.00002085 1769
0.00001416 558
0.00000641 633
0.00002526 1194
0.00001221 1151
0.00002413 1437
0.00004328 3241
0.00000708 301
0.00001282 1295
0.00008173 4698
0.00000135 35
0.00004292 5301
0.00002045 1359
0.00004517 5815
0.00008108 8610
0.00001791 1255
0.00004018 2938
0.00000354 218
0.00002564 3340
0.00005854 4987
0.00002211 1196
0.00000519 286
0.00003483 1213
0.00000667 1445
0.00001269 1606
0.00002769 3825
0.00003290 3048
0.00003611 4379
0.00001343 2602
0.00009626 15179
0.00021400 38660
0.00003920 5109
0.00003688 4643
0.00000435 646
0.00002686 1548
0.00001395 765
0.00002076 913
0.00001665 2984
0.00002213 1752
0.00010700 9907
0.00001823 2076
0.00000870 1083
0.00002350 494
0.00001038 516
0.00005350 3526
0.00001334 1060
0.00013231 18020
0.00004141 5498
0.00001740 867
0.00001175 517
0.00014289 19018
0.00001242 294
0.00003022 2070
0.00003732 2412
0.00004974 2843
0.00001363 307
0.00013003 9968
0.00001511 1419
0.00028221 24589
0.00001101 858
0.00005687 3635
0.00004444 3027
0.00002722 2462
0.00003495 4461
0.00004398 2605
0.00004331 6032
0.00001233 880
0.00000621 509
0.00001361 809
0.00003126 2891
0.00001340 1146
0.00004981 7141
0.00001159 1726
0.00001291 1191
0.00001819 592
0.00001813 2305
0.00001771 1710
0.00002719 1133
0.00010602 15435
0.00002582 1486
0.00001300 338
0.00008606 9029
0.00001621 2055
0.00003269 3711
0.00003706 1163
0.00000335 146
0.00004802 5206
0.00004172 5536
0.00004113 4287
0.00000650 888
0.00000137 80
0.00005396 7715
0.00000670 256
0.00001633 701
0.00004208 2587
0.00001239 1167
0.00000325 448
0.00004886 5964
0.00015479 14006
0.00000569 260
0.00002948 3065
0.00000548 159
0.00002906 2845
0.00010554 12209
0.00000483 356
0.00007851 14603
0.00002591 3992
0.00001474 1809
0.00000274 89
0.00001268 1036
0.00001337 1757
0.00001453 954
0.00000966 1121
0.00002234 3374
0.00012197 16513
0.00002276 1252
0.00000737 760
0.00002192 2271
0.00000634 961
0.00003741 4962
0.00005978 4392
0.00001117 782
0.00010531 12562
0.00001138 215
0.00000317 472
0.00001096 313
0.00001059 1462
0.00001795 62
0.00003864 2332
0.00003995 5473
0.00001479 689
0.00002472 1411
0.00002653 2893
0.00000879 556
0.00004535 6189
0.00000425 96
0.00001352 744
0.00004468 7414
0.00001236 2188
0.00004552 5890
0.00001758 1014
0.00000850 351
0.00000676 230
0.00000618 371
0.00002306 1820
0.00004053 2117
0.00002097 2455
0.00002055 1355
0.00001700 1536
0.00000338 75
0.00000309 213
0.00001153 401
0.00004099 5058
0.00000169 65
0.00001043 1059
0.00003257 3764
0.00009093 9706
0.00003266 1571
0.00002104 2031
0.00010437 12650
0.00001349 1803
0.00002443 1448
0.00002086 2326
0.00002401 306
0.00005313 3473
0.00001052 797
0.00002698 3169
0.00004362 4766
0.00002277 1842
0.00000526 402
0.00004636 1952
0.00001981 1454
0.00002003 623
0.00002065 1578
0.00004015 5297
0.00002701 1379
0.00001605 1981
0.00000263 210
0.00010876 10318
0.00003638 2030
0.00005539 6442
0.00001248 1189
0.00004404 5334
0.00001111 1186
0.00010233 12968
0.00001110 897
0.00002496 2378
0.00001426 1324
0.00004932 1979
0.00020536 15096
0.00001450 662
0.00002222 2277
0.00000841 200
0.00005675 7205
0.00002220 1498
0.00002199 790
0.00000312 220
0.00001866 514
0.00003769 5156
0.00000713 909
0.00018551 27542
0.00003575 2094
0.00000725 1184
0.00002606 3669
0.00001471 697
0.00000933 91
0.00000624 251
0.00005134 5972
0.00005069 6424
0.00001303 1149
0.00000555 305
0.00000078 65
0.00002675 1138
0.00012095 11172
0.00001500 1799
0.00002863 2652
0.00000598 368
0.00000461 119
0.00000490 107
0.00003480 646
0.00002695 1386
0.00005533 9655
0.00000156 203
0.00003330 2081
0.00000299 206
0.00000245 67
0.00000375 396
0.00003765 4399
0.00002805 841
0.00008819 12222
0.00005076 3032
0.00001960 1526
0.00005777 7418
0.00005372 2059
0.00000039 38
0.00000750 1087
0.00007530 8055
0.00013742 18406
0.00001196 716
0.00000922 214
0.00000980 381
0.00005307 7086
0.00001645 1307
0.00004247 5271
0.00005538 3134
0.00004138 5174
0.00001501 867
0.00003042 3944
0.00005635 5765
0.00001753 966
0.00001868 1656
0.00000280 404
0.00000514 284
0.00008842 10897
0.00002490 976
0.00002353 1806
0.00002895 1424
0.00001227 895
0.00001521 1269
0.00033349 48964
0.00000934 650
0.00009115 9564
0.00000257 106
0.00000560 526
0.00017614 15304
0.00001245 1052
0.00002454 2578
0.00004718 6023
0.00000467 282
0.00013907 14950
0.00001120 692
0.00002056 3337
0.00000891 862
0.00002139 1365
0.00009436 7849
0.00001028 1136
0.00002240 1606
0.00001191 971
0.00005217 7690
0.00001212 366
0.00001126 835
0.00001532 2415
0.00008020 9511
0.00009338 10309
0.00036972 29806
0.00004611 5976
0.00002865 2777
0.00002424 1477
0.00002252 2631
0.00000766 770
0.00008735 4698
0.00000035 14
0.00001773 2035
0.00004574 4951
0.00004100 4489
0.00001103 619
0.00005572 6207
0.00000303 90
0.00001946 1491
0.00000383 219
0.00000070 28
0.00017010 25754
0.00002374 1558
0.00001277 1519
0.00019181 36176
0.00000606 300
0.00000973 1805
0.00000563 124
0.00000140 60
0.00000010 12
0.00001187 613
0.00002876 1711
0.00004831 5112
0.00001752 897
0.00001068 446
0.00001132 511
0.00009276 5325
0.00003641 4265
0.00000020 11
0.00001438 508
0.00000876 188
0.00002136 194
0.00002264 2575
0.00013566 13540
0.00007282 5863
0.00009053 9795
0.00000040 41
0.00000719 116
0.00002041 3594
0.00002414 1609
0.00000438 300
0.00000267 149
0.00000283 46
0.00002266 1934
0.00032746 38142
0.00000080 85
0.00002142 1086
0.00001123 918
0.00001207 1031
0.00000219 281
0.00000534 214
0.00000566 135
0.00004605 3451
0.00001133 562
0.00000160 6
0.00001071 823
0.00002655 2959
0.00001657 710
0.00012267 15215
0.00002739 1835
0.00001270 826
0.00002377 1987
0.00008343 9964
0.00000320 56
0.00001587 1409
0.00001031 1364
0.00002540 1019
0.00001010 1302
0.00002965 2747
0.00000640 389
0.00000505 10
0.00001280 1607
0.00005215 6313
0.00002171 1508
0.00000635 380
0.00004837 5954
0.00002560 947
0.00004843 5392
0.00001112 273
0.00001925 1865
0.00005175 4655
0.00000349 159
0.00002224 2307
0.00004510 2356
0.00004474 5888
0.00000698 469
0.00004342 3972
0.00000278 257
0.00002371 917
0.00005930 7005
0.00001999 3931
0.00004397 5121
0.00001396 1001
0.00000556 115
0.00000189 57
0.00004040 1263
0.00015579 22408
0.00004754 2911
0.00015499 21065
0.00004373 5507
0.00001658 1164
0.00001414 1118
0.00009656 10566
0.00000378 210
0.00001788 1805
0.00001486 763
0.00006442 8143
0.00001089 711
0.00003314 3233
0.00000139 69
0.00000829 944
0.00004828 5381
0.00010219 13360
0.00000756 969
0.00000894 795
0.00006075 6585
0.00007879 4540
0.00004658 5791
0.00002972 1428
0.00001809 2143
0.00002178 1764
0.00002867 1241
0.00002763 1557
0.00001512 1313
0.00000447 199
0.00004272 5219
0.00004528 5589
0.00002150 3055
0.00000707 639
0.00004481 5646
0.00001075 1442
0.00000743 712
0.00001889 1192
0.00004412 3572
0.00001393 745
0.00001385 2106
0.00001364 489
0.00003067 2376
0.00001883 1171
0.00000074 110
0.00003011 5354
0.00018788 14070
0.00002728 4008
0.00003892 909
0.00006134 3519
0.00002561 736
0.00004302 4727
0.00002157 1503
0.00004748 5573
0.00000148 194
0.00004885 5910
0.00004764 5805
0.00000341 496
0.00005730 5984
0.00004806 8680
0.00000119 4
0.00002050 1831
0.00002005 1145
0.00002626 3024
0.00001651 1399
0.00000682 274
0.00003903 1960
0.00004459 5038
0.00003064 1528
0.00004437 5892
0.00001025 1347
0.00004205 5322
0.00001313 1436
0.00000037 22
0.00001091 1953
0.00000661 605
0.00000476 254
0.00004480 5471
0.00008556 9811
0.00002258 1201
0.00001184 676
0.00002359 753
0.00000238 89
0.00002633 1836
0.00004112 5345
0.00001129 958
0.00002677 3486
0.00004278 5777
0.00003601 2367
0.00000296 160
0.00003659 4445
0.00003987 2918
0.00000952 1169
0.00004879 5726
0.00004379 2872
0.00004207 3707
0.00000592 150
0.00001711 535
0.00003968 1871
0.00001206 869
0.00004135 5358
0.00004409 5263
0.00011921 18506
0.00002853 1030
0.00016062 23410
0.00002412 5295
0.00007033 8041
0.00002273 1098
0.00015661 18672
0.00001437 255
0.00004598 6004
0.00001913 2499
0.00000897 976
0.00000603 296
0.00001794 1795
0.00000502 383
0.00002758 3028
0.00017440 25871
0.00003948 5115
0.00000577 302
0.00001105 985
0.00000955 1312
0.00003945 2995
0.00001379 516
0.00000251 85
0.00008056 5744
0.00001405 1364
0.00002549 3028
0.00002210 1751
0.00004046 1603
0.00003579 3775
0.00004360 5053
0.00002008 1999
0.00001895 1741
0.00003970 4470
0.00003710 4844
0.00004230 5262
0.00024877 25102
0.00002109 1244
0.00001004 291
0.00001154 466
0.00003457 3874
0.00014710 9084
0.00004183 5040
0.00002697 2485
0.00000315 251
0.00004432 5429
0.00003856 3371
0.00001428 2490
0.00002163 2527
0.00002087 349
0.00000630 264
0.00014924 12722
0.00022862 21926
0.00001260 1150
0.00000357 118
0.00004188 5441
0.00004159 5445
0.00002520 1624
0.00014126 12545
0.00000714 509
0.00003731 1149
0.00001197 1699
0.00000975 394
0.00000900 1426
0.00004641 6004
0.00001890 2622
0.00004177 5387
0.00001848 1102
0.00007750 10073
0.00019112 36517
0.00005421 5579
0.00001950 1459
0.00000525 718
0.00001495 1119
0.00001800 1512
0.00023286 37055
0.00000945 109
0.00000924 285
0.00001141 2108
0.00001050 685
0.00005038 6049
0.00001919 851
0.00000225 21
0.00000462 398
0.00005659 7240
0.00002282 1571
0.00000450 237
0.00003951 5124
0.00005920 8256
0.00003933 4797
0.00000231 138
0.00000656 920
0.00001386 1692
0.00000572 555
0.00000508 10
0.00004200 5146
0.00001249 677
0.00001660 471
0.00000609 130
0.00000328 14
0.00002772 340
0.00000286 512
0.00000254 263
0.00003838 4265
0.00000830 755
0.00001480 2361
0.00002288 1462
0.00002032 2352
0.00004337 5489
0.00000415 151
0.00000740 448
0.00002436 2959
0.00000693 1091
0.00001312 340
0.00001144 126
0.00001016 1817
0.00002929 1474
0.00004503 5674
0.00000370 159
0.00001931 1135
0.00001218 931
0.00000041 31
0.00025302 38882
0.00003915 2505
0.00000277 126
0.00000241 51
0.00001228 1806
0.00000185 262
0.00001047 918
0.00001365 1373
0.00000554 766
0.00000482 359
0.00002456 1723
0.00002505 1653
0.00002094 1889
0.00002730 2815
0.00004788 5861
0.00002317 2136
0.00000164 129
0.00004174 3944
0.00000143 51
0.00000127 168
0.00001108 1755
0.00000307 39
0.00000964 1827
0.00002531 2678
0.00037272 36106
0.00000082 86
0.00002216 1854
0.00000614 399
0.00001928 1079
0.00004326 3989
0.00004079 4157
0.00009817 803
0.00007533 4752
0.00004218 3349
0.00001090 788
0.00000083 99
0.00004766 1222
0.00000101 21
0.00002514 1463
0.00000498 853
0.00005394 5823
0.00011055 14792
0.00000031 18
0.00001669 853
0.00000166 137
0.00003790 4819
0.00002635 2294
0.00001855 2151
0.00004616 1953
0.00001257 1999
0.00005611 6286
0.00000249 100
0.00001013 772
0.00004105 4381
0.00000062 201
0.00003719 3128
0.00000987 748
0.00001007 1034
0.00004094 93
0.00004462 5638
0.00001992 1006
0.00002023 1484
0.00000124 72
0.00007438 6724
0.00000545 440
0.00000996 316
0.00004242 2614
0.00001837 685
0.00004189 5159
0.00000248 120
0.00001328 1061
0.00004729 5752
0.00001307 358
0.00008997 8079
0.00001616 2395
0.00015423 12170
0.00001370 1675
0.00003707 2267
0.00001444 414
0.00003588 3154
0.00000496 98
0.00002656 2584
0.00002614 2882
0.00000808 367
0.00000989 524
0.00002888 1172
0.00007655 7853
0.00000992 515
0.00000332 333
0.00004694 5646
0.00000404 715
0.00004527 1549
0.00003018 6225
0.00002299 240
0.00000361 260
0.00001417 65
0.00002881 1718
0.00001984 2414
0.00000664 644
0.00002887 1247
0.00000202 223
0.00001509 548
0.00000685 388
0.00000722 1024
0.00004543 5506
