0.00009167 0.00010709
0.00004585 0.00005684
0.00000604 0.00000679
0.00004357 0.00005425
0.00000790 0.00000801
0.00000625 0.00000697
0.00003897 0.00004851
0.00003844 0.00004869
0.00003309 0.00004311
0.00002175 0.00002735
0.00000302 0.00000396
0.00001757 0.00002217
0.00002453 0.00003133
0.00004810 0.00005972
0.00002416 0.00002876
0.00017269 0.00020499
0.00001439 0.00001774
0.00002101 0.00002793
0.00001208 0.00001412
0.00000395 0.00000533
0.00037874 0.00046221
0.00001250 0.00001561
0.00004905 0.00005554
0.00004800 0.00006046
0.00005808 0.00006505
0.00005488 0.00006837
0.00001084 0.00001447
0.00001502 0.00001795
0.00001019 0.00001448
0.00001574 0.00001954
0.00001449 0.00001799
0.00000665 0.00000775
0.00003172 0.00003547
0.00003511 0.00004149
0.00000607 0.00000816
0.00009332 0.00011566
0.00005987 0.00007453
0.00002168 0.00002617
0.00004704 0.00005783
0.00000787 0.00001015
0.00001330 0.00001760
0.00001214 0.00001586
0.00004023 0.00005199
0.00000151 0.00000185
0.00002551 0.00003479
0.00000271 0.00000347
0.00005924 0.00007441
0.00002428 0.00003065
0.00005070 0.00006325
0.00000542 0.00000585
0.00001229 0.00001383
0.00000751 0.00000738
0.00002869 0.00003310
0.00013212 0.00016254
0.00005555 0.00006538
0.00001113 0.00001295
0.00000652 0.00000792
0.00000159 0.00000212
0.00003279 0.00003904
0.00000715 0.00000917
0.00006356 0.00008797
0.00001705 0.00002263
0.00002217 0.00002591
0.00004978 0.00006956
0.00001943 0.00002536
0.00000326 0.00000422
0.00002226 0.00002936
0.00001901 0.00002595
0.00001430 0.00001846
0.00003101 0.00004126
0.00004573 0.00005447
0.00006480 0.00008098
0.00002860 0.00003583
0.00006202 0.00008048
0.00001283 0.00001693
0.00003276 0.00004286
0.00003908 0.00004850
0.00001304 0.00001633
0.00004883 0.00006214
0.00001571 0.00002103
0.00006855 0.00007340
0.00003368 0.00004303
0.00001179 0.00001265
0.00006742 0.00008390
0.00001702 0.00002184
0.00004811 0.00004918
0.00004631 0.00005753
0.00005049 0.00005866
0.00000882 0.00001120
0.00002544 0.00003263
0.00004204 0.00005251
0.00002679 0.00003377
0.00001663 0.00002235
0.00000851 0.00001105
0.00005168 0.00006535
0.00001764 0.00002115
0.00001272 0.00001784
0.00001077 0.00001427
0.00001681 0.00001886
0.00009527 0.00011504
0.00001818 0.00002207
0.00005714 0.00005167
0.00003493 0.00004371
0.00000163 0.00000197
0.00000636 0.00000834
0.00002511 0.00002991
0.00002425 0.00003102
0.00003749 0.00004248
0.00002154 0.00002646
0.00001699 0.00002140
0.00000909 0.00001201
0.00000441 0.00000532
0.00000318 0.00000380
0.00003398 0.00004173
0.00000372 0.00000500
0.00004308 0.00005386
0.00005619 0.00007077
0.00000646 0.00000772
0.00000421 0.00000518
0.00006290 0.00007123
0.00002091 0.00002528
0.00000744 0.00000907
0.00002857 0.00003667
0.00000323 0.00000423
0.00005022 0.00006274
0.00004850 0.00006007
0.00000842 0.00001070
0.00003326 0.00004239
0.00001488 0.00001889
0.00003528 0.00004354
0.00011523 0.00014951
0.00001051 0.00001373
0.00001684 0.00001564
0.00001497 0.00002032
0.00006652 0.00008646
0.00003404 0.00003561
0.00001292 0.00001539
0.00000810 0.00000939
0.00001638 0.00002082
0.00001954 0.00002665
0.00001295 0.00001642
0.00000903 0.00001072
0.00001620 0.00002091
0.00004431 0.00005547
0.00000819 0.00001051
0.00000977 0.00001166
0.00004705 0.00006049
0.00001806 0.00002319
0.00002783 0.00003408
0.00000093 0.00000118
0.00004434 0.00004456
0.00003886 0.00004834
0.00005037 0.00006165
0.00000405 0.00000453
0.00010169 0.00012873
0.00001589 0.00001889
0.00000186 0.00000236
0.00005095 0.00006634
0.00000784 0.00001028
0.00003231 0.00004338
0.00004856 0.00006101
0.00000672 0.00000842
0.00033265 0.00036002
0.00002535 0.00003180
0.00000588 0.00000836
0.00004719 0.00005905
0.00000150 0.00000150
0.00001568 0.00001877
0.00000336 0.00000460
0.00005102 0.00006715
0.00014246 0.00017934
0.00000294 0.00000337
0.00000075 0.00000092
0.00000196 0.00000251
0.00001586 0.00002078
0.00004945 0.00006196
0.00001491 0.00001957
0.00002688 0.00003034
0.00004336 0.00005530
0.00002774 0.00003280
0.00004076 0.00005023
0.00000392 0.00000453
0.00000793 0.00000928
0.00002982 0.00003816
0.00001344 0.00001751
0.00004737 0.00005953
0.00001387 0.00001593
0.00001176 0.00001579
0.00003148 0.00003438
0.00002059 0.00002599
0.00000049 null
0.00000042 null
0.00002767 0.00003931
0.00000662 0.00000786
0.00005809 0.00007699
0.00002400 0.00003071
0.00002904 0.00003531
0.00002744 0.00003507
0.00000098 0.00000124
0.00000453 0.00000587
0.00009307 0.00011595
0.00005701 0.00007082
0.00000021 null
0.00004051 0.00005061
0.00005000 0.00006253
0.00017618 0.00021004
0.00000331 0.00000410
0.00001200 0.00001563
0.00001372 0.00001573
0.00001452 0.00001914
0.00000906 0.00001177
0.00004954 0.00006257
0.00000168 0.00000193
0.00004350 0.00005439
0.00006357 0.00008128
0.00000147 0.00000192
0.00002471 0.00003093
0.00008577 0.00010712
0.00000600 0.00000669
0.00000726 0.00000925
0.00000686 0.00000870
0.00000961 0.00001301
0.00001690 0.00002197
0.00001812 0.00002310
0.00000084 0.00000091
0.00069829 0.00081441
0.00001324 0.00001773
0.00002741 0.00003605
0.00000300 0.00000325
0.00002639 0.00003368
0.00000363 0.00000385
0.00000343 0.00000340
0.00000845 0.00001208
0.00001922 0.00002812
0.00000065 null
0.00004392 0.00005472
0.00002937 0.00003749
0.00000297 0.00000343
0.00000732 0.00000840
0.00002565 0.00003296
0.00007201 0.00008120
0.00005018 0.00006650
0.00000130 0.00000172
0.00003595 0.00004609
0.00001627 0.00002087
0.00000741 0.00000872
0.00000594 0.00000801
0.00002899 0.00003711
0.00004514 0.00005659
0.00000366 0.00000427
0.00003219 0.00004106
0.00004540 0.00005297
0.00004624 0.00005813
0.00001167 0.00001611
0.00001188 0.00001449
0.00001482 0.00002136
0.00004487 0.00005969
0.00007341 0.00008896
0.00003100 0.00004065
0.00004929 0.00005861
0.00004606 0.00005731
0.00002334 0.00003309
0.00002376 0.00002961
0.00001693 0.00002193
0.00006200 0.00008174
0.00001464 0.00001970
0.00001040 0.00001368
0.00003999 0.00004984
0.00000831 0.00001071
0.00003035 0.00004031
0.00004582 0.00005960
0.00003335 0.00004323
0.00002080 0.00002936
0.00001265 0.00001530
0.00000389 0.00000550
0.00001314 0.00001360
0.00000260 0.00000348
0.00005225 0.00006461
0.00000778 0.00001005
0.00001503 0.00001792
0.00001193 0.00001588
0.00000183 0.00000266
0.00000657 0.00000779
0.00009489 0.00011716
0.00004923 0.00005841
0.00000520 0.00000670
0.00003541 0.00004750
0.00003553 0.00003685
0.00001556 0.00002224
0.00001271 0.00001530
0.00005862 0.00007852
0.00001845 0.00002358
0.00001607 0.00002129
0.00002625 0.00003614
0.00005868 0.00007776
0.00004621 0.00005774
0.00003660 0.00004624
0.00003044 0.00003885
0.00000401 0.00000507
0.00002495 0.00003250
0.00002449 0.00003133
0.00005190 0.00006448
0.00002365 0.00003142
0.00002263 0.00003037
0.00001522 0.00002012
0.00000802 0.00000878
0.00003026 0.00003820
0.00029982 0.00032761
0.00002553 0.00003283
0.00002279 0.00002507
0.00000761 0.00000880
0.00001604 0.00002054
0.00001513 0.00001582
0.00001345 0.00001859
0.00023887 0.00028230
0.00016449 0.00021214
0.00004609 0.00005758
0.00014515 0.00017506
0.00006064 0.00007955
0.00000683 0.00000885
0.00001722 0.00002201
0.00004361 0.00005453
0.00000998 0.00001460
0.00000546 0.00000669
0.00001063 0.00001347
0.00005004 0.00006197
0.00000861 0.00001181
0.00001996 0.00002272
0.00000273 0.00000378
0.00004511 0.00005645
0.00002732 0.00003816
0.00002025 0.00002510
0.00000781 0.00001037
0.00002184 0.00002557
0.00003904 0.00004859
0.00007035 0.00008274
0.00003291 0.00004175
0.00000799 0.00001022
0.00001366 0.00001674
0.00000499 0.00000639
0.00001562 0.00002033
0.00004014 0.00004983
0.00001092 0.00001208
0.00004419 0.00005501
0.00004395 0.00005447
0.00001598 0.00001934
0.00004993 0.00006260
0.00003349 0.00004175
0.00004445 0.00005175
0.00003124 0.00003456
0.00000456 0.00000586
0.00002007 0.00002455
0.00000976 0.00001293
0.00002727 0.00003586
0.00000228 0.00000248
0.00004368 0.00005444
0.00001952 0.00002251
0.00001729 0.00002345
0.00001859 0.00002442
0.00002407 0.00003060
0.00003992 0.00005115
0.00006413 0.00008533
0.00001824 0.00002428
0.00001525 0.00001800
0.00000244 0.00000296
0.00002162 0.00002938
0.00001251 0.00001621
0.00003444 0.00004427
0.00000157 0.00000196
0.00000912 0.00001227
0.00000488 0.00000624
0.00001081 0.00001443
0.00001708 0.00002367
0.00003208 0.00004068
0.00000314 0.00000470
0.00002632 0.00003261
0.00000061 null
0.00000796 0.00001026
0.00001455 0.00001791
0.00003032 0.00003712
0.00005654 0.00007103
0.00000854 0.00001050
0.00007749 0.00009573
0.00005380 0.00007010
0.00005429 0.00006914
0.00000628 0.00000774
0.00001316 0.00001610
0.00001381 0.00001971
0.00000122 0.00000146
0.00001592 0.00002171
0.00002910 0.00003695
0.00001516 0.00001975
0.00000427 0.00000486
0.00001256 0.00001701
0.00001467 0.00001903
0.00000658 0.00000864
0.00000114 0.00000143
0.00002595 0.00003275
0.00000199 0.00000244
0.00000915 0.00000889
0.00000758 0.00000930
0.00003690 0.00004564
0.00004145 0.00005177
0.00002934 0.00003387
0.00000329 0.00000416
0.00000057 null
0.00004463 0.00005575
0.00000398 0.00000566
0.00001830 0.00002146
0.00000379 0.00000508
0.00000268 0.00000334
0.00004065 0.00005022
0.00004273 0.00005366
0.00006677 0.00008354
0.00000536 0.00000715
0.00002245 0.00002965
0.00004867 0.00006401
0.00005084 0.00006408
0.00001072 0.00001185
0.00004160 0.00005942
0.00003324 0.00004296
0.00002013 0.00002599
0.00000833 0.00000967
0.00002144 0.00002522
0.00001547 0.00002009
0.00005060 0.00005980
0.00001323 0.00001616
0.00001613 0.00002082
0.00002291 0.00002041
0.00001666 0.00002171
0.00001135 0.00001526
0.00006511 0.00006714
0.00001114 0.00001336
0.00001156 0.00001571
0.00001746 0.00002174
0.00000775 0.00001009
0.00011438 0.00014387
0.00000549 0.00000777
0.00004157 0.00005193
0.00004047 0.00004767
0.00000873 0.00000966
0.00001458 0.00001869
0.00001550 0.00001925
0.00000067 null
0.00004383 0.00005721
0.00001098 0.00001395
0.00004178 0.00005215
0.00000289 0.00000384
0.00003254 0.00004043
0.00004657 0.00005096
0.00000729 0.00000791
0.00002257 0.00002883
0.00002193 0.00002780
0.00000134 0.00000165
0.00016628 0.00019992
0.00002196 0.00002422
0.00000557 0.00000760
0.00000578 0.00000721
0.00003251 0.00004033
0.00016627 0.00020077
0.00012523 0.00015264
0.00000175 0.00000238
0.00002482 0.00003253
0.00000826 0.00001007
0.00004646 0.00005776
0.00001799 0.00002137
0.00001991 0.00002587
0.00001241 0.00001515
0.00001673 0.00002237
0.00001652 0.00001759
0.00002583 0.00003381
0.00002345 0.00002830
0.00001290 0.00001623
0.00000709 0.00000939
0.00005267 0.00006893
0.00005035 0.00007101
0.00005563 0.00006616
0.00003052 0.00004187
0.00001409 0.00001543
0.00000645 0.00000847
0.00001418 0.00001678
0.00000413 0.00000438
0.00002818 0.00003585
0.00010880 0.00013074
0.00004291 0.00005367
0.00001325 0.00001609
0.00006016 0.00006329
0.00001158 0.00001374
0.00002800 0.00003445
0.00004920 0.00006178
0.00004196 0.00005201
0.00004595 0.00005727
0.00002316 0.00003054
0.00001400 0.00001914
0.00002235 0.00002982
0.00000700 0.00000796
0.00000350 0.00000443
0.00002681 0.00003480
0.00000579 0.00000727
0.00002699 0.00003141
0.00002197 0.00002822
0.00000674 0.00000702
0.00002393 0.00003051
0.00021770 0.00025389
0.00003525 0.00004469
0.00001342 0.00001647
0.00002049 0.00002264
0.00018998 0.00022010
0.00004727 0.00004866
0.00001609 0.00002152
0.00000337 0.00000405
0.00000673 0.00000876
0.00001789 0.00002122
0.00000677 0.00000915
0.00001715 0.00002227
0.00001781 0.00002528
0.00001346 0.00001772
0.00000965 0.00001207
0.00002107 0.00002922
0.00001367 0.00001863
0.00001309 0.00001705
0.00010344 0.00012678
0.00005331 0.00007434
0.00001348 0.00001704
0.00004428 0.00005526
0.00001930 0.00002399
0.00000671 0.00000842
0.00001735 0.00002110
0.00002618 0.00003307
0.00001529 0.00001898
0.00001476 0.00002038
0.00005261 0.00006824
0.00002589 0.00003381
0.00000905 0.00001154
0.00006977 0.00007942
0.00000947 0.00001208
0.00001198 0.00001385
0.00001747 0.00002245
0.00002952 0.00004058
0.00007642 0.00009744
0.00001810 0.00002285
0.00001894 0.00002257
0.00019238 0.00020148
0.00010165 0.00011729
0.00004660 0.00005746
0.00000369 0.00000494
0.00005630 0.00007041
0.00002387 0.00003189
0.00001686 0.00002250
0.00012916 0.00015878
0.00022850 0.00029634
0.00005143 0.00006482
0.00000738 0.00000952
0.00004869 0.00006344
0.00000843 0.00001172
0.00000599 0.00000812
0.00001872 0.00002489
0.00000048 null
0.00005570 0.00007362
0.00002809 0.00003713
0.00005001 0.00006254
0.00002815 0.00003429
0.00000936 0.00001195
0.00000096 0.00000117
0.00004774 0.00005977
0.00004321 0.00005412
0.00002179 0.00002963
0.00002821 0.00003661
0.00001104 0.00001463
0.00002221 0.00002840
0.00000468 0.00000618
0.00000012 null
0.00003620 0.00004667
0.00020474 0.00024667
0.00000552 0.00000676
0.00004792 0.00005877
0.00001259 0.00001538
0.00000234 0.00000297
0.00000024 null
0.00005178 0.00006708
0.00029471 0.00039585
0.00000276 0.00000367
0.00015630 0.00018842
0.00003494 0.00004460
0.00001165 0.00001536
0.00006390 0.00008037
0.00000117 0.00000144
0.00002214 0.00003171
0.00000768 0.00000872
0.00015605 0.00018637
0.00001912 0.00002435
0.00000138 0.00000176
0.00001107 0.00001521
0.00012478 0.00014843
0.00001536 0.00002124
0.00003562 0.00004894
0.00001557 0.00001958
0.00000956 0.00001150
0.00007766 0.00010025
0.00000069 null
0.00001293 0.00001616
0.00003589 0.00004581
0.00003189 0.00004560
0.00001918 0.00002463
0.00000192 0.00000242
0.00003578 0.00004396
0.00000478 0.00000573
0.00002745 0.00003356
0.00003430 0.00004373
0.00002838 0.00003750
0.00002613 0.00003377
0.00006378 0.00007429
0.00000384 0.00000440
0.00000959 0.00001318
0.00004763 0.00006199
0.00000239 0.00000321
0.00002619 0.00003242
0.00004098 0.00005106
0.00001419 0.00001913
0.00004887 0.00006052
0.00000376 0.00000491
0.00000085 0.00000105
0.00001854 0.00002300
0.00000105 0.00000144
0.00003693 0.00004674
0.00001863 0.00002451
0.00001817 0.00002225
0.00001406 0.00001801
0.00000752 0.00001018
0.00000170 0.00000200
0.00000927 0.00001212
0.00000615 0.00000671
0.00001947 0.00002579
0.00003357 0.00003929
0.00000703 0.00000949
0.00006619 0.00008162
0.00001504 0.00002038
0.00001230 0.00001665
0.00001049 0.00001291
0.00002460 0.00003099
0.00001759 0.00002499
0.00006703 0.00007725
0.00017175 0.00021659
0.00003209 0.00004158
0.00000763 0.00000914
0.00001360 0.00001826
0.00001680 0.00002086
0.00001284 0.00001781
0.00000047 null
0.00001526 0.00001940
0.00011272 0.00012373
0.00002720 0.00003176
0.00000840 0.00001043
0.00002568 0.00003245
0.00003803 0.00004795
0.00005047 0.00005929
0.00002555 0.00003299
0.00000094 0.00000129
0.00001425 0.00001868
0.00195336 0.00230084
0.00003346 0.00004456
0.00022544 0.00027001
0.00000340 0.00000400
0.00004690 0.00005573
0.00000420 0.00000520
0.00031778 0.00039662
0.00000321 0.00000388
0.00000188 0.00000264
0.00002850 0.00003225
0.00004964 0.00006158
0.00002323 0.00002997
0.00000680 0.00000682
0.00009415 0.00012177
0.00000210 0.00000276
0.00005205 0.00006538
0.00002597 0.00003322
0.00005160 0.00006494
0.00000642 0.00000693
0.00021200 0.00028691
0.00048345 0.00057307
0.00003982 0.00005378
0.00000651 0.00000878
0.00000141 0.00000183
0.00000073 0.00000091
0.00000344 0.00000445
0.00005451 0.00006782
0.00001543 0.00001919
0.00004241 0.00005274
0.00001717 0.00001966
0.00001841 0.00002390
0.00003149 0.00004403
0.00000125 0.00000161
0.00000146 0.00000182
0.00000688 0.00000836
0.00000561 0.00000681
0.00001470 0.00001724
0.00011484 0.00014049
0.00004934 0.00005818
0.00001483 0.00001866
0.00001376 0.00001563
0.00001122 0.00001270
0.00000735 0.00001059
0.00004299 0.00005875
0.00002363 0.00003348
0.00002882 0.00003575
0.00007558 0.00009441
0.00001302 0.00001599
0.00002752 0.00003943
0.00001675 0.00002040
0.00002244 0.00002944
0.00001441 0.00001771
0.00002845 0.00003655
0.00009096 0.00011288
0.00003125 0.00003961
0.00001870 0.00002570
0.00001177 0.00001490
0.00001168 0.00001416
0.00000805 0.00001014
0.00001000 0.00001216
0.00003642 0.00004278
0.00000811 0.00001062
0.00005784 0.00007044
0.00002186 0.00002820
0.00001704 0.00002265
0.00004750 0.00005951
0.00000935 0.00001206
0.00001128 0.00001639
0.00002354 0.00003309
0.00002336 0.00003122
0.00000043 null
0.00001622 0.00002087
0.00001093 0.00001424
0.00000852 0.00001005
0.00000942 0.00001113
0.00000564 0.00000737
0.00000292 0.00000256
0.00000250 0.00000342
0.00000086 0.00000110
0.00002513 0.00003303
0.00001538 0.00001960
0.00000426 0.00000568
0.00000471 0.00000475
0.00011784 0.00013332
0.00000282 0.00000386
0.00000500 0.00000558
0.00000584 0.00000731
0.00000172 0.00000248
0.00003550 0.00004437
0.00000769 0.00000955
0.00000213 0.00000294
0.00004970 0.00006224
0.00001842 0.00002300
0.00001567 0.00002024
0.00002491 0.00003349
0.00004482 0.00005612
0.00000921 0.00001130
0.00003181 0.00003854
0.00007357 0.00009169
0.00004756 0.00005955
0.00000529 0.00000659
0.00004084 0.00005069
0.00001281 0.00001705
0.00001058 0.00001349
0.00004655 0.00005806
0.00003872 0.00004433
0.00002562 0.00003238
0.00005873 0.00007001
0.00002755 0.00003315
0.00002116 0.00002315
0.00003536 0.00004103
0.00000926 0.00001106
0.00001226 0.00001415
0.00001726 0.00001989
0.00004836 0.00006052
0.00004345 0.00005472
0.00001244 0.00001680
0.00001223 0.00001656
0.00001125 0.00001478
0.00001852 0.00002352
0.00000863 0.00001043
0.00003265 0.00004241
0.00001235 0.00001550
0.00004518 0.00005849
0.00000622 0.00000872
0.00004583 0.00005487
0.00006524 0.00007993
0.00002851 0.00003790
0.00001979 0.00002523
0.00000311 0.00000389
0.00002253 0.00003211
0.00000463 0.00000643
0.00000613 0.00000700
0.00000593 0.00000680
0.00000746 0.00001016
0.00000121 0.00000155
0.00003958 0.00004967
0.00001905 0.00002213
0.00000720 0.00000955
0.00002351 0.00002804
0.00001431 0.00001879
0.00000373 0.00000491
0.00027398 0.00028423
0.00000360 0.00000412
0.00004619 0.00005683
0.00002372 0.00003058
0.00002984 0.00003788
0.00005785 0.00007256
0.00021380 0.00022753
0.00002880 0.00003776
0.00013546 0.00017456
0.00003301 0.00004444
0.00001209 0.00001490
0.00001186 0.00001493
0.00002743 0.00003176
0.00001492 0.00001929
0.00002945 0.00003688
0.00001440 0.00001972
0.00006602 0.00007816
0.00002577 0.00003488
0.00002714 0.00003268
0.00001021 0.00001401
0.00004095 0.00005081
0.00009214 0.00011433
0.00001936 0.00002511
0.00005124 0.00006602
0.00001339 0.00001593
0.00007554 0.00008857
0.00000045 null
0.00003609 0.00004718
0.00004232 0.00005262
0.00001042 0.00001151
0.00001357 0.00001867
0.00001220 0.00001572
0.00004607 0.00005177
0.00000619 0.00000796
0.00000968 0.00001218
0.00010248 0.00012729
0.00009315 0.00011584
0.00004809 0.00006429
0.00000884 0.00001144
0.00002084 0.00002516
0.00000610 0.00000709
0.00001238 0.00001596
0.00004982 0.00006079
0.00000484 0.00000651
0.00002241 0.00002650
0.00001375 0.00001567
0.00006268 0.00008292
0.00000180 0.00000196
0.00000442 0.00000572
0.00000305 0.00000361
0.00002955 0.00003740
0.00000242 0.00000303
0.00002987 0.00003911
0.00002750 0.00003045
0.00003134 0.00003732
0.00000090 0.00000113
0.00001965 0.00002617
0.00001189 0.00001370
0.00000521 0.00000685
0.00000221 0.00000281
0.00001989 0.00002119
0.00002672 0.00002938
0.00020674 0.00024793
0.00000347 0.00000441
0.00002357 0.00002742
0.00004613 0.00005891
0.00001527 0.00001992
0.00000723 0.00000803
0.00001336 0.00001758
0.00000694 0.00000791
0.00001473 0.00001816
0.00001397 0.00001539
0.00000849 0.00000971
0.00003220 0.00004486
0.00001446 0.00001836
0.00000668 0.00000833
0.00010242 0.00012732
0.00001388 0.00001565
0.00001698 0.00002359
0.00002839 0.00003840
0.00001821 0.00002609
0.00005669 0.00007121
0.00004372 0.00005138
0.00005214 0.00006342
0.00000334 0.00000405
0.00002375 0.00002951
0.00008881 0.00011042
0.00004488 0.00005736
0.00001137 0.00001325
0.00000167 0.00000217
0.00001434 0.00001820
0.00003339 0.00004400
0.00001640 0.00001978
0.00005208 0.00006715
0.00004726 0.00005604
0.00002274 0.00003161
0.00002868 0.00003765
0.00000820 0.00001108
0.00003863 0.00005456
0.00001119 0.00001495
0.00002467 0.00002943
0.00000410 0.00000467
0.00001333 0.00001688
0.00002601 0.00002708
0.00002238 0.00003005
0.00010047 0.00012510
0.00002871 0.00003334
0.00000717 0.00000961
0.00000205 0.00000271
0.00000077 0.00000103
0.00005107 0.00006395
0.00000015 null
0.00002128 0.00002996
0.00001436 0.00002006
0.00000154 0.00000190
0.00048946 0.00057668
0.00003519 0.00004523
0.00010214 0.00012401
0.00000030 null
0.00001064 0.00001453
0.00000457 0.00000507
0.00003763 0.00004396
0.00001917 0.00002613
0.00004262 0.00005291
0.00000060 null
0.00000532 0.00000655
0.00000893 0.00001086
0.00000914 0.00001177
0.00000359 0.00000469
0.00006644 0.00008254
0.00002143 0.00002829
0.00001655 0.00002226
0.00003786 0.00004851
0.00010024 0.00013339
0.00000120 0.00000121
0.00000266 0.00000377
0.00001786 0.00002220
0.00001807 0.00002268
0.00001828 0.00002181
0.00000718 0.00000767
0.00003322 0.00004154
0.00001232 0.00001604
0.00000663 0.00000860
0.00002991 0.00003806
0.00000853 0.00001053
0.00000261 0.00000343
0.00002125 0.00002405
0.00000133 0.00000190
0.00000240 0.00000317
0.00001401 0.00001650
0.00004369 0.00005501
0.00002464 0.00003125
0.00000522 0.00000590
0.00001131 0.00001255
0.00000705 0.00000883
0.00000480 0.00000614
0.00005188 0.00006487
0.00011298 0.00013131
0.00002689 0.00003363
0.00000308 0.00000359
0.00000813 0.00001020
0.00002652 0.00003378
0.00005996 0.00007897
0.00000917 0.00001091
0.00002789 0.00003466
0.00001044 0.00001532
0.00001410 0.00001795
0.00000960 0.00001208
0.00001969 0.00002505
0.00004212 0.00005247
0.00067347 0.00078426
0.00000616 0.00000772
0.00001561 0.00002130
0.00001326 0.00001706
0.00001626 0.00002038
0.00001834 0.00002341
0.00002088 0.00002564
0.00001920 0.00002403
0.00000355 0.00000473
0.00008257 0.00010312
0.00002075 0.00002182
0.00001670 0.00002424
0.00000710 0.00000950
0.00000129 0.00000178
0.00000835 0.00001071
0.00001195 0.00001573
0.00001420 0.00001831
0.00004381 0.00005453
0.00005272 0.00006561
0.00015885 0.00019551
0.00004399 0.00005480
0.00001911 0.00002485
0.00008307 0.00011029
0.00010544 0.00013144
0.00004271 0.00005352
0.00001739 0.00002228
0.00001485 0.00001914
0.00073234 0.00085281
0.00002915 0.00003484
0.00001032 0.00001217
0.00002033 0.00002722
0.00001554 0.00001921
0.00002024 0.00002768
0.00000503 0.00000632
0.00002064 0.00002672
0.00003691 0.00004873
0.00011679 0.00014224
0.00000777 0.00001013
0.00001012 0.00001302
0.00004191 0.00005292
0.00000258 0.00000346
0.00006071 0.00007553
0.00004081 0.00005636
0.00004274 0.00005313
0.00006775 0.00008099
0.00000506 0.00000673
0.00002012 0.00002786
0.00001959 0.00002443
0.00000516 0.00000682
0.00000253 0.00000337
0.00001006 0.00001111
0.00000107 0.00000132
0.00000016 null
0.00002725 0.00003675
0.00001478 0.00001869
0.00002854 0.00003810
0.00000243 0.00000297
0.00002622 0.00003415
0.00000032 null
0.00000486 0.00000553
0.00001311 0.00001711
0.00003918 0.00005011
0.00000064 null
0.00008161 0.00010231
0.00004875 0.00006259
0.00000972 0.00001305
0.00002557 0.00003297
0.00002015 0.00002560
0.00000128 0.00000148
0.00000739 0.00001020
0.00004011 0.00005017
0.00001347 0.00001739
0.00001944 0.00002501
0.00004048 0.00005042
0.00003929 0.00005855
0.00001549 0.00002186
0.00001719 0.00002203
0.00001712 0.00002259
0.00000256 0.00000324
0.00001318 0.00001918
0.00001649 0.00002018
0.00001843 0.00002196
0.00000856 0.00000969
0.00000512 0.00000614
0.00005940 0.00007383
0.00004914 0.00005719
0.00000428 0.00000567
0.00001024 0.00001213
0.00004654 0.00005232
0.00003941 0.00004963
0.00000214 0.00000254
0.00002048 0.00002861
0.00000659 0.00000821
0.00004150 0.00005222
0.00003340 0.00004205
0.00000911 0.00001274
0.00012860 0.00016863
0.00044333 0.00053659
0.00001499 0.00001980
0.00004176 0.00005199
0.00001938 0.00002364
0.00001053 0.00001396
0.00001517 0.00001987
0.00000747 0.00000969
0.00008037 0.00009556
0.00001015 0.00001146
0.00005578 0.00006318
0.00004155 0.00005193
0.00000969 0.00001209
0.00002095 0.00002585
0.00003215 0.00004129
0.00001494 0.00001990
0.00002738 0.00002541
0.00003751 0.00004577
0.00001958 0.00002507
0.00013459 0.00016784
0.00001369 0.00001459
0.00004013 0.00005012
0.00004475 0.00005586
0.00003383 0.00004299
0.00001305 0.00001594
0.00004524 0.00005635
0.00014814 0.00019151
0.00004661 0.00006070
0.00000979 0.00001208
0.00001297 0.00001545
0.00000411 0.00000479
0.00000638 0.00000745
0.00001253 0.00001687
0.00003572 0.00004771
0.00001531 0.00001948
0.00001116 0.00001333
0.00000195 0.00000251
0.00001896 0.00002454
0.00001661 0.00001999
0.00000319 0.00000404
0.00001315 0.00001647
0.00003834 0.00004800
0.00002232 0.00002715
0.00000390 0.00000439
0.00000948 0.00001214
0.00002053 0.00002404
0.00009191 0.00011390
0.00001644 0.00002041
0.00002552 0.00003136
0.00003405 0.00004005
0.00011589 0.00014288
0.00000279 0.00000361
0.00000780 0.00001022
0.00000474 0.00000542
0.00010805 0.00014150
0.00000822 0.00001116
0.00001276 0.00001538
0.00001951 0.00002555
0.00011470 0.00015432
0.00006810 0.00007435
0.00006311 0.00008429
0.00000558 0.00000764
0.00001560 0.00001869
0.00000237 0.00000285
0.00001572 0.00002037
0.00001881 0.00002093
0.00000696 0.00000861
0.00001691 0.00002251
0.00005054 0.00006289
0.00000211 0.00000254
0.00003248 0.00004365
0.00000207 0.00000294
0.00000832 0.00001119
0.00000695 0.00000998
0.00001887 0.00002426
0.00001294 0.00001359
0.00000786 0.00000882
0.00004245 0.00005286
0.00000348 0.00000421
0.00002265 0.00003162
0.00001204 0.00001208
0.00005081 0.00006194
0.00004380 0.00005018
0.00000422 0.00000611
0.00000414 0.00000541
0.00001664 0.00002160
0.00000647 0.00000869
0.00000393 0.00000463
0.00002784 0.00004017
0.00000602 0.00000827
0.00006371 0.00008388
0.00000844 0.00001093
0.00000208 0.00000277
0.00002780 0.00002958
0.00000828 0.00001120
0.00000807 0.00001072
0.00005747 0.00007146
0.00001392 0.00001771
0.00006859 0.00009208
0.00000301 0.00000380
0.00001635 0.00001691
0.00001656 0.00002211
0.00000416 0.00000574
0.00001390 0.00001731
0.00002170 0.00002604
0.00005328 0.00006776
0.00000052 null
0.00004036 0.00004798
0.00003994 0.00005116
0.00002861 0.00002523
0.00000991 0.00001213
0.00001085 0.00001336
0.00029432 0.00035011
0.00000104 0.00000131
0.00017050 0.00020273
0.00003537 0.00004436
0.00006693 0.00008565
0.00000174 0.00000162
0.00003679 0.00004559
0.00003096 0.00004202
0.00000013 null
0.00014176 0.00018345
0.00002559 0.00003208
0.00004238 0.00005295
0.00004902 0.00006113
0.00000087 0.00000113
0.00004322 0.00005415
0.00000026 null
0.00003739 0.00004901
0.00001593 0.00002095
0.00003080 0.00003814
0.00001798 0.00002020
0.00000445 0.00000575
0.00000631 0.00000807
0.00003522 0.00004428
0.00001327 0.00001342
0.00007513 0.00009876
0.00004078 0.00005066
0.00001285 0.00001528
0.00010258 0.00011190
0.00000899 0.00001141
0.00002517 0.00003190
0.00054787 0.00063798
0.00014242 0.00017319
0.00000573 0.00000676
0.00000515 0.00000655
0.00001679 0.00001958
0.00001874 0.00002383
0.00001067 0.00001421
0.00001780 0.00002336
0.00002524 0.00003152
0.00003138 0.00004175
0.00004679 0.00005858
0.00051457 0.00060037
0.00001146 0.00001354
0.00001493 0.00002058
0.00003681 0.00004610
0.00001030 0.00001491
0.00000937 0.00001047
0.00016951 0.00020390
0.00002271 0.00002909
0.00002134 0.00002725
0.00000890 0.00001226
0.00001262 0.00001634
0.00001027 0.00001368
0.00007549 0.00008924
0.00002060 0.00002071
0.00000789 0.00001013
0.00000227 0.00000284
0.00001575 0.00001779
0.00002475 0.00003357
0.00004435 0.00005548
0.00000454 0.00000588
0.00002777 0.00003377
0.00014848 0.00018309
0.00002286 0.00002917
0.00005280 0.00006093
0.00000908 0.00001183
0.00003323 0.00004577
0.00002977 0.00003803
0.00005399 0.00006482
0.00001143 0.00001542
0.00001751 0.00002017
0.00001816 0.00002422
0.00004119 0.00005167
0.00006306 0.00007840
0.00000742 0.00000930
0.00004709 0.00006149
0.00000232 0.00000298
0.00001190 0.00001456
0.00001320 0.00001765
0.00003502 0.00004455
0.00003632 0.00004992
0.00000236 0.00000318
0.00005045 0.00006287
0.00001566 0.00002061
0.00000017 null
0.00000371 0.00000444
0.00012873 0.00015723
0.00000464 0.00000592
0.00000472 0.00000593
0.00000689 0.00000808
0.00000783 0.00000896
0.00000034 null
0.00002968 0.00004106
0.00003156 0.00003966
0.00004405 0.00005848
0.00000928 0.00001103
0.00009906 0.00011776
0.00006009 0.00008114
0.00000330 0.00000451
0.00000944 0.00001091
0.00001378 0.00001798
0.00000068 null
0.00001737 0.00002288
0.00000595 0.00000724
0.00005366 0.00006652
0.00000660 0.00000894
0.00001888 0.00002528
0.00002756 0.00003672
0.00000136 0.00000181
0.00004542 0.00005661
0.00001211 0.00001622
0.00000754 0.00000996
0.00001703 0.00002004
0.00001274 0.00001592
0.00000272 0.00000355
0.00000570 0.00000726
0.00002113 0.00002543
0.00002949 0.00003446
0.00001169 0.00001677
0.00000385 0.00000473
0.00003358 0.00003982
0.00003748 0.00004727
0.00003239 0.00003154
0.00002422 0.00003074
0.00000377 0.00000431
0.00000029 null
0.00000165 0.00000223
0.00002548 0.00003407
0.00011944 0.00013590
0.00000285 0.00000343
0.00000544 0.00000646
0.00000770 0.00001025
0.00002833 0.00003726
0.00000058 null
0.00003533 0.00004174
0.00000875 0.00001034
0.00003217 0.00004284
0.00000059 null
0.00001088 0.00001248
0.00002280 0.00002935
0.00004203 0.00005228
0.00001540 0.00001825
0.00006526 0.00008006
0.00003596 0.00004761
0.00071240 0.00087697
0.00001508 0.00001947
0.00000116 0.00000154
0.00007066 0.00008228
0.00001750 0.00002168
0.00000637 0.00000773
0.00001761 0.00002209
0.00000118 0.00000158
0.00002039 0.00002492
0.00001140 0.00001634
0.00000721 0.00000912
0.00002119 0.00002965
0.00000014 null
0.00000774 0.00001053
0.00002161 0.00003136
0.00000333 0.00000476
0.00014556 0.00016810
0.00017543 0.00020856
0.00002411 0.00003102
0.00016759 0.00021765
0.00002643 0.00003497
0.00007155 0.00009029
0.00000028 null
0.00001548 0.00001983
0.00003501 0.00003902
0.00000666 0.00000842
0.00005423 0.00007184
0.00000443 0.00000592
0.00001997 0.00002475
0.00002884 0.00003678
0.00002191 0.00002911
0.00000056 null
0.00008680 0.00010785
0.00001332 0.00001687
0.00004570 0.00005462
0.00000886 0.00001170
0.00001009 0.00001182
0.00001442 0.00001827
0.00000112 0.00000154
0.00007643 0.00010203
0.00000387 0.00000474
0.00009323 0.00011584
0.00001772 0.00002270
0.00002018 0.00002657
0.00000224 0.00000278
0.00000902 0.00001145
0.00003270 0.00004245
0.00000203 0.00000242
0.00006021 0.00006856
0.00005271 0.00006458
0.00000448 0.00000567
0.00003971 0.00005595
0.00000406 0.00000486
0.00005560 0.00007238
0.00000821 0.00001052
0.00003569 0.00005189
0.00007453 0.00009257
0.00002842 0.00003370
0.00000896 0.00001140
0.00004530 0.00005642
0.00002190 0.00002733
0.00000812 0.00001099
0.00000951 0.00001033
0.00003617 0.00004699
0.00004215 0.00005386
0.00001642 0.00002308
0.00001413 0.00001843
0.00001421 0.00001955
0.00001095 0.00001193
0.00001792 0.00001845
0.00015548 0.00018778
0.00000451 0.00000606
0.00001624 0.00002132
0.00001902 0.00002112
0.00003774 0.00004671
0.00000537 0.00000604
0.00002760 0.00003574
0.00002435 0.00003075
0.00001338 0.00001492
0.00003548 0.00004480
0.00001380 0.00001995
0.00007479 0.00009660
0.00002676 0.00003217
0.00002148 0.00002810
0.00001551 0.00002012
0.00001065 0.00001390
0.00000690 0.00000615
0.00003833 0.00004786
0.00003440 0.00004788
0.00001962 0.00002555
0.00006102 0.00007576
0.00001590 0.00001845
0.00000099 0.00000134
0.00001074 0.00001358
0.00002130 0.00002389
0.00000345 0.00000416
0.00017027 0.00020176
0.00003351 0.00004401
0.00000981 0.00001230
0.00000795 0.00001043
0.00005906 0.00007422
0.00000669 0.00000972
0.00000198 0.00000260
0.00004855 0.00006445
0.00005465 0.00006417
0.00002298 0.00003028
0.00005447 0.00006826
0.00003033 0.00003915
0.00004343 0.00005432
0.00000396 0.00000420
0.00003446 0.00003968
0.00002771 0.00003078
0.00023716 0.00030220
0.00001149 0.00001549
0.00000792 0.00001027
0.00005519 0.00006911
0.00001335 0.00001730
0.00002959 0.00003564
0.00004248 0.00005299
0.00004154 0.00005474
0.00001584 0.00001796
0.00002670 0.00003523
0.00001097 0.00001401
0.00001371 0.00001678
0.00000023 null
0.00001744 0.00002498
0.00005823 0.00007220
0.00003928 0.00005061
0.00003345 0.00004105
0.00003513 0.00004490
0.00003429 0.00004016
0.00009573 0.00011919
0.00000046 null
0.00000872 0.00001061
0.00001469 0.00002050
0.00004237 0.00005301
0.00000092 0.00000112
0.00000436 0.00000439
0.00017255 0.00021350
0.00003882 0.00004647
0.00002078 0.00002705
0.00000184 0.00000240
0.00000218 0.00000297
0.00001039 0.00001320
0.00004332 0.00005423
0.00001306 0.00001577
0.00000759 0.00000996
0.00000501 0.00000581
0.00000109 0.00000137
0.00000368 0.00000454
0.00001839 0.00002586
0.00001940 0.00002367
0.00003039 0.00003658
0.00002356 0.00002883
0.00038447 0.00044670
0.00010638 0.00011948
0.00009430 0.00011293
0.00000736 0.00000821
0.00000970 0.00001358
0.00001086 0.00001441
0.00000459 0.00000612
0.00001178 0.00001529
0.00004370 0.00005257
0.00002004 0.00002424
0.00000485 0.00000590
0.00000543 0.00000620
0.00000918 0.00001053
0.00003597 0.00004590
0.00000589 0.00000722
0.00001542 0.00002027
0.00004522 0.00005524
0.00000653 0.00000760
0.00001518 0.00001949
0.00001002 0.00001257
0.00002843 0.00003610
0.00003418 0.00004017
0.00000771 0.00001021
0.00009044 0.00011017
0.00001422 0.00001862
0.00000339 0.00000429
0.00000465 0.00000604
0.00001709 0.00002020
0.00007439 0.00009310
0.00003809 0.00004657
0.00002203 0.00002793
0.00000530 0.00000689
0.00000678 0.00000946
0.00000179 0.00000240
0.00001524 0.00001958
0.00004249 0.00005595
0.00002539 0.00003398
0.00032846 0.00040990
0.00003084 0.00003807
0.00002261 0.00003189
0.00000265 0.00000346
0.00004275 0.00005707
0.00005224 0.00006779
0.00001860 0.00002162
0.00002417 0.00003117
0.00001356 0.00001719
0.00003073 0.00004023
0.00001515 0.00001856
0.00000762 0.00000967
0.00002510 0.00003446
0.00002120 0.00002884
0.00002185 0.00003155
0.00000711 0.00000823
0.00003179 0.00004006
0.00000930 0.00001331
0.00003030 0.00003832
0.00000381 0.00000488
0.00004019 0.00005011
0.00014878 0.00017579
0.00001255 0.00001624
0.00001060 0.00001319
0.00001443 0.00001829
0.00001432 0.00001801
0.00004391 0.00005268
0.00002166 0.00002755
0.00000491 0.00000600
0.00001941 0.00002352
0.00001667 0.00002106
0.00002665 0.00003481
0.00008782 0.00009410
0.00001083 0.00001439
0.00000358 0.00000450
0.00000982 0.00001146
0.00004486 0.00005237
0.00002362 0.00002921
0.00001973 0.00002575
0.00003625 0.00004585
0.00010968 0.00012701
0.00000716 0.00000927
0.00003369 0.00004385
0.00004121 0.00005127
0.00001181 0.00001594
0.00002077 0.00002277
0.00001475 0.00001991
0.00000881 0.00001198
0.00001062 0.00001204
0.00017683 0.00021088
0.00004388 0.00005738
0.00001762 0.00002266
0.00001490 0.00001982
0.00005793 0.00006488
0.00001723 0.00001954
0.00001846 0.00002098
0.00003027 0.00003635
0.00000745 0.00000922
0.00007249 0.00009099
0.00002426 0.00003057
0.00000923 0.00001058
0.00003787 0.00004681
0.00001741 0.00002232
0.00001155 0.00001194
0.00001213 0.00001496
0.00001825 0.00002186
0.00000531 0.00000618
0.00004260 0.00005041
0.00004498 0.00005600
0.00007848 0.00009771
0.00000860 0.00001187
0.00001976 0.00002634
0.00002066 0.00002766
0.00000527 0.00000701
0.00015594 0.00020074
0.00002908 0.00004350
0.00001857 0.00002712
0.00001720 0.00002077
0.00003924 0.00004733
0.00004198 0.00006063
0.00000988 0.00001426
0.00001033 0.00001273
0.00004501 0.00005628
0.00007742 0.00009280
0.00001774 0.00002213
0.00000215 0.00000203
0.00003577 0.00004248
0.00000865 0.00001119
0.00000494 0.00000558
0.00002278 0.00003097
0.00002108 0.00002816
0.00005352 0.00006741
0.00006109 0.00007526
0.00000887 0.00001006
0.00000727 0.00000878
0.00000430 0.00000428
0.00001730 0.00002201
0.00004870 0.00006011
0.00000247 0.00000315
0.00001139 0.00001391
0.00001054 0.00001338
0.00001783 0.00002346
0.00001803 0.00002388
0.00000753 0.00000917
0.00001457 0.00001760
0.00009660 0.00012563
0.00008360 0.00010251
0.00001408 0.00001744
0.00002813 0.00003901
0.00002011 0.00002716
0.00003012 0.00003952
0.00001353 0.00001447
0.00000704 0.00000913
0.00001399 0.00001800
0.00001971 0.00002541
0.00003927 0.00004650
0.00001506 0.00002036
0.00002706 0.00003415
0.00000352 0.00000481
0.00003183 0.00004235
0.00000479 0.00000621
0.00001892 0.00002562
0.00002911 0.00003944
0.00000733 0.00000864
0.00000176 0.00000226
0.00005745 0.00007264
0.00000946 0.00001278
0.00004775 0.00006246
0.00000088 0.00000122
0.00004640 0.00005250
0.00006310 0.00008036
0.00003097 0.00003745
0.00002819 0.00003628
0.00000473 0.00000590
0.00001916 0.00002538
0.00002215 0.00003000
0.00003798 0.00004473
0.00004209 0.00005255
0.00000044 null
0.00004346 0.00005415
0.00004125 0.00005101
0.00000823 0.00001101
0.00000958 0.00001379
0.00004545 0.00005688
0.00004293 0.00005338
0.00007599 0.00010081
0.00001466 0.00001810
0.00000022 null
0.00003847 0.00004809
0.00001646 0.00002190
0.00000079 0.00000097
0.00002896 0.00003758
0.00001617 0.00002080
0.00000269 0.00000342
0.00000011 null
0.00000158 0.00000201
0.00011799 0.00014427
0.00004450 0.00005848
0.00001199 0.00001569
0.00011442 0.00013968
0.00003256 0.00004145
0.00003003 0.00003554
0.00001448 0.00001844
0.00000538 0.00000709
0.00001625 0.00002138
0.00004894 0.00006097
0.00003088 0.00003912
0.00001451 0.00001651
0.00003988 0.00005248
0.00009163 0.00010452
0.00000724 0.00000873
0.00000939 0.00001083
0.00001076 0.00001250
0.00021611 0.00026064
0.00002289 0.00002807
0.00008995 0.00009981
0.00001827 0.00002280
0.00000362 0.00000518
0.00001878 0.00002360
0.00002152 0.00002404
0.00001350 0.00001779
0.00001264 0.00001551
0.00005495 0.00006617
0.00001170 0.00001436
0.00001411 0.00001883
0.00000181 0.00000179
0.00001596 0.00002063
0.00001134 0.00001406
0.00002528 0.00003216
0.00002822 0.00003445
0.00000798 0.00001038
0.00005674 0.00007213
0.00016280 0.00020178
0.00002268 0.00002865
0.00003963 0.00005001
0.00003738 0.00005024
0.00040283 0.00047680
0.00000316 0.00000377
0.00003066 0.00003460
0.00006227 0.00008088
0.00002703 0.00003464
0.00007188 0.00008990
0.00000929 0.00001210
0.00000399 0.00000522
0.00002499 0.00003058
0.00000949 0.00001103
0.00004592 0.00005492
0.00000675 0.00000890
0.00004534 0.00005707
0.00000632 0.00000648
0.00000585 0.00000740
0.00003594 0.00004491
0.00001858 0.00002380
0.00002935 0.00003380
0.00003868 0.00004489
0.00000567 0.00000734
0.00002267 0.00002849
0.00016148 0.00019463
0.00003893 0.00004852
0.00004497 0.00005858
0.00001018 0.00001362
0.00002997 0.00003810
0.00002035 0.00002429
0.00001934 0.00002461
0.00000365 0.00000479
0.00001148 0.00001417
0.00004153 0.00005179
0.00003701 0.00004389
0.00001533 0.00001915
0.00062189 0.00073818
0.00002981 0.00003726
0.00014879 0.00017908
0.00004662 0.00005831
0.00000967 0.00001323
0.00002685 0.00003515
0.00000730 0.00000865
0.00002296 0.00003030
0.00004037 0.00005037
0.00004001 0.00005007
0.00001637 0.00001941
0.00001595 0.00002073
0.00002183 0.00002576
0.00002837 0.00003809
0.00004536 0.00005689
0.00004355 0.00005097
0.00000287 0.00000383
0.00001460 0.00001840
0.00001869 0.00002406
0.00000509 0.00000627
0.00000574 0.00000800
0.00002920 0.00003548
0.00008527 0.00011186
0.00000997 0.00001302
0.00000433 0.00000460
0.00003654 0.00004772
0.00000407 0.00000509
0.00001530 0.00001846
0.00008265 0.00010304
0.00014543 0.00017714
0.00006658 0.00008749
0.00000469 0.00000608
0.00000386 0.00000471
0.00001994 0.00002540
0.00001402 0.00001800
0.00004439 0.00005555
0.00007812 0.00009517
0.00000765 0.00000913
0.00007512 0.00009667
0.00000193 0.00000266
0.00000701 0.00000870
0.00001732 0.00002174
0.00001003 0.00001315
0.00002225 0.00002910
0.00001628 0.00002140
0.00002926 0.00003676
0.00000801 0.00000977
0.00003113 0.00003917
0.00002447 0.00003290
0.00003250 0.00004235
0.00001544 0.00002085
0.00000866 0.00000998
0.00002006 0.00002387
0.00002057 0.00002595
0.00001463 0.00001919
0.00000814 0.00000814
0.00000938 0.00001167
0.00001602 0.00002045
0.00000772 0.00000865
0.00004799 0.00005859
0.00004757 0.00006031
0.00073116 0.00084964
0.00004961 0.00005609
0.00012085 0.00016548
0.00004441 0.00005554
0.00001341 0.00001777
0.00000580 0.00000576
0.00003292 0.00004606
0.00003832 0.00004959
0.00004430 0.00004804
0.00000290 0.00000373
0.00009134 0.00011316
0.00002320 0.00003160
0.00024524 0.00030958
0.00004058 0.00005034
0.00003784 0.00004413
0.00007307 0.00008345
0.00004567 0.00006344
0.00001160 0.00001585
0.00003559 0.00004420
0.00001202 0.00001549
0.00008787 0.00012226
0.00004022 0.00005015
0.00002404 0.00002916
0.00001286 0.00001831
0.00001045 0.00001347
0.00000643 0.00000768
0.00000145 0.00000193
0.00001611 0.00001941
0.00001779 0.00002155
0.00000601 0.00000772
0.00003606 0.00005045
0.00002090 0.00002169
0.00009455 0.00011182
0.00003187 0.00004141
0.00004032 0.00005031
0.00001185 0.00001372
0.00000444 0.00000591
0.00004396 0.00005470
0.00002370 0.00003099
0.00000222 0.00000298
0.00033822 0.00040051
0.00000131 0.00000182
0.00004317 0.00005413
0.00001237 0.00001432
0.00001776 0.00002151
0.00008634 0.00009663
0.00002474 0.00003099
0.00000888 0.00001085
0.00001975 0.00002416
0.00003359 0.00004379
0.00013770 0.00016648
0.00000524 0.00000631
0.00004222 0.00005292
0.00009659 0.00011969
0.00003071 0.00003833
0.00004454 0.00005547
0.00003907 0.00004627
0.00003377 0.00004241
0.00001359 0.00001630
0.00000755 0.00001060
0.00000262 0.00000338
0.00008444 0.00010513
0.00006754 0.00008394
0.00003264 0.00004200
0.00014090 0.00018584
0.00001555 0.00002003
0.00004675 0.00005696
0.00001510 0.00002011
0.00001597 0.00002060
0.00004579 0.00005730
0.00002096 0.00002516
0.00000111 0.00000150
0.00003974 0.00004937
0.00002605 0.00002920
0.00003472 0.00004294
0.00003356 0.00004318
0.00006849 0.00008870
0.00015281 0.00018526
0.00001048 0.00001312
0.00003508 0.00004365
0.00001879 0.00002196
0.00002569 0.00003280
0.00006790 0.00008462
0.00001391 0.00001831
0.00001301 0.00001884
0.00009160 0.00010642
0.00004329 0.00005395
0.00002367 0.00002932
0.00002941 0.00003908
0.00002782 0.00003709
0.00018725 0.00022883
0.00001957 0.00002542
0.00010604 0.00010134
0.00000983 0.00001312
0.00016746 0.00019811
0.00003236 0.00003833
0.00001995 0.00002635
0.00019744 0.00023661
0.00001966 0.00002063
0.00000591 0.00000717
0.00013984 0.00018362
0.00003013 0.00003755
0.00007909 0.00010325
0.00004390 0.00005481
0.00002883 0.00003664
0.00001583 0.00001942
0.00001142 0.00001446
0.00001035 0.00001370
0.00004673 0.00005681
0.00003487 0.00004374
0.00001734 0.00002153
0.00002364 0.00003107
0.00004085 0.00005089
0.00000571 0.00000644
0.00004295 0.00005426
0.00003092 0.00004584
0.00000993 0.00001219
0.00001055 0.00001440
0.00000867 0.00001055
0.00001182 0.00001511
0.00001986 0.00002469
0.00004984 0.00006040
0.00002110 0.00002674
0.00001629 0.00001990
0.00000874 0.00001109
0.00009938 0.00012294
0.00000773 0.00000810
0.00001713 0.00002130
0.00000424 0.00000556
0.00004069 0.00005039
0.00002521 0.00003216
0.00002384 0.00002713
0.00000466 0.00000586
0.00003468 0.00004312
0.00001748 0.00002522
0.00001546 0.00001877
0.00001394 0.00001873
0.00001246 0.00001572
0.00001329 0.00001681
0.00000212 0.00000272
0.00000233 0.00000259
0.00001192 0.00001483
0.00000697 0.00000902
0.00000623 0.00000871
0.00001696 0.00002193
0.00000596 0.00000746
0.00001864 0.00002416
0.00000437 0.00000566
0.00004568 0.00005709
0.00002195 0.00002512
0.00000848 0.00001113
0.00014470 0.00018675
0.00000298 0.00000397
0.00000932 0.00001236
0.00001618 0.00001933
0.00004817 0.00006019
0.00002651 0.00003226
0.00002342 0.00003092
0.00000617 0.00000753
0.00003932 0.00004891
0.00003163 0.00004332
0.00002587 0.00003473
0.00000235 0.00000308
0.00001423 0.00001820
0.00000149 0.00000204
0.00000809 0.00000775
0.00002391 0.00002983
0.00001171 0.00001471
0.00002275 0.00002825
0.00001308 0.00001589
0.00000470 0.00000636
0.00002846 0.00003455
0.00004633 0.00006251
0.00001145 0.00001425
0.00008075 0.00010062
0.00004359 0.00005112
0.00002468 0.00003304
0.00000106 0.00000143
0.00005875 0.00007332
0.00000654 0.00000955
0.00004734 0.00005900
0.00003831 0.00003979
0.00001087 0.00001427
0.00000940 0.00001200
0.00005882 0.00007381
0.00004301 0.00005322
0.00002290 0.00002725
0.00005204 0.00006475
0.00001507 0.00001764
0.00001234 0.00001677
0.00000053 null
0.00000327 0.00000446
0.00002174 0.00002461
0.00008602 0.00010436
0.00002153 0.00002294
0.00006040 0.00007173
0.00001838 0.00002219
0.00008470 0.00010108
0.00003758 0.00004850
0.00000408 0.00000489
0.00000839 0.00001049
0.00000868 0.00001055
0.00003353 0.00004288
0.00000919 0.00001042
0.00004466 0.00005569
0.00006735 0.00008132
0.00007031 0.00009157
0.00000877 0.00001089
0.00002189 0.00003038
0.00004235 0.00005255
0.00001987 0.00002547
0.00002709 0.00003610
0.00000204 0.00000252
0.00010325 0.00012723
0.00001736 0.00002366
0.00001678 0.00002038
0.00000063 null
0.00004401 0.00005499
0.00001632 0.00001966
0.00004443 0.00005135
0.00000217 0.00000261
0.00012776 0.00015781
0.00000126 0.00000160
0.00002207 0.00002977
0.00002111 0.00002448
0.00002227 0.00002969
0.00000816 0.00001106
0.00008015 0.00009965
0.00001785 0.00002212
0.00000434 0.00000602
0.00004097 0.00005093
0.00002395 0.00003061
0.00001745 0.00002207
0.00000252 0.00000307
0.00004948 0.00006185
0.00003950 0.00004883
0.00001041 0.00001328
0.00004034 0.00005605
0.00000504 0.00000683
0.00003415 0.00004523
0.00007199 0.00007367
0.00001266 0.00001667
0.00002593 0.00003392
0.00002082 0.00002798
0.00004045 0.00004997
0.00000990 0.00001308
0.00001008 0.00001110
0.00000633 0.00000723
0.00000102 0.00000139
0.00000495 0.00000480
0.00001099 0.00001389
0.00003837 0.00004767
0.00002379 0.00002758
0.00024116 0.00028765
0.00000051 null
0.00002040 0.00002343
0.00001069 0.00001341
0.00004627 0.00005724
0.00010468 0.00013085
0.00000559 0.00000815
0.00000836 0.00001006
0.00004122 0.00005082
0.00001020 0.00001182
0.00004960 0.00006109
0.00000033 null
0.00005341 0.00006871
0.00004505 0.00005636
0.00003724 0.00004672
0.00001672 0.00002284
0.00005811 0.00007611
0.00000510 0.00000690
0.00000066 null
0.00004151 0.00005286
0.00001639 0.00002220
0.00002575 0.00003231
0.00008374 0.00010381
0.00003342 0.00004151
0.00001121 0.00001500
0.00003154 0.00003876
0.00000089 0.00000116
0.00002236 0.00002870
0.00003238 0.00004158
0.00000209 0.00000254
0.00003068 0.00003770
0.00000255 0.00000309
0.00000132 0.00000186
0.00004781 0.00005976
0.00002242 0.00003125
0.00002943 0.00004006
0.00000178 0.00000211
0.00001118 0.00001515
0.00000418 0.00000509
0.00000264 0.00000329
0.00000649 0.00000883
0.00002344 0.00003017
0.00007567 0.00008956
0.00000356 0.00000422
0.00000523 0.00000695
0.00000533 0.00000619
0.00004876 0.00006152
0.00000528 0.00000662
0.00012602 0.00015230
0.00000565 0.00000708
0.00001172 0.00001661
0.00001945 0.00002433
0.00001535 0.00002019
0.00000712 0.00000845
0.00004656 0.00005549
0.00001066 0.00001266
0.00001871 0.00002354
0.00001056 0.00001360
0.00004425 0.00004521
0.00004129 0.00005110
0.00007400 0.00009145
0.00001130 0.00001396
0.00000586 0.00000840
0.00011432 0.00014019
0.00002141 0.00002722
0.00003428 0.00004067
0.00001424 0.00001765
0.00006571 0.00009274
0.00004591 0.00005602
0.00002092 0.00002820
0.00002132 0.00002782
0.00002112 0.00002570
0.00000293 0.00000352
0.00001298 0.00001473
0.00002260 0.00002834
0.00002890 0.00003678
0.00001017 0.00001409
0.00001046 0.00001173
0.00020176 0.00024152
0.00001903 0.00002309
0.00000815 0.00001078
0.00001924 0.00002493
0.00001011 0.00001237
0.00002300 0.00002730
0.00007210 0.00009553
0.00003103 0.00003857
0.00005222 0.00006843
0.00003059 0.00003616
0.00000825 0.00001029
0.00001630 0.00002136
0.00000962 0.00001317
0.00003599 0.00003799
0.00001150 0.00001495
0.00012923 0.00014822
0.00001650 0.00002075
0.00000481 0.00000628
0.00000575 0.00000697
0.00004319 0.00005381
0.00001829 0.00002245
0.00001109 0.00001305
0.00002501 0.00003270
0.00004865 0.00006112
0.00005338 0.00006910
0.00005506 0.00006735
0.00004410 0.00005453
0.00001636 0.00002192
0.00001787 0.00002349
0.00004136 0.00005168
0.00001755 0.00002220
0.00002925 0.00003491
0.00017159 0.00021233
0.00000818 0.00001109
0.00002507 0.00003232
0.00001374 0.00001596
0.00000409 0.00000501
0.00006432 0.00007403
0.00002322 0.00003046
0.00003082 0.00004026
0.00002147 0.00002809
0.00001403 0.00001841
0.00003384 0.00004431
0.00000687 0.00000877
0.00002123 0.00002502
0.00018199 0.00021462
0.00003532 0.00004470
0.00001161 0.00001311
0.00001487 0.00001797
0.00004377 0.00005566
0.00017032 0.00020520
0.00000281 0.00000297
0.00004246 0.00005245
0.00020056 0.00024015
0.00001766 0.00002229
0.00002212 0.00002768
0.00000846 0.00001108
0.00005612 0.00006730
0.00002028 0.00002368
0.00003943 0.00005015
0.00000804 0.00001034
0.00000562 0.00000680
0.00000883 0.00001100
0.00000517 0.00000678
0.00001106 0.00001299
0.00004294 0.00005379
0.00001692 0.00002203
0.00011224 0.00013474
0.00001014 0.00001349
0.00006085 0.00007710
0.00001599 0.00001993
0.00000402 0.00000502
0.00001124 0.00001197
0.00000553 0.00000716
0.00001034 0.00001173
0.00000507 0.00000574
0.00004027 0.00004760
0.00002187 0.00002964
0.00004169 0.00005212
0.00002129 0.00002847
0.00000201 0.00000237
0.00003272 0.00003769
0.00004651 0.00005979
0.00002068 0.00002540
0.00004561 0.00005656
0.00000423 0.00000599
0.00009836 0.00012228
0.00002753 0.00003595
0.00004206 0.00005241
0.00002205 0.00002899
0.00001127 0.00001559
0.00013759 0.00016882
0.00002254 0.00002935
0.00085449 0.00103966
0.00003260 0.00004104
0.00008326 0.00010251
0.00003806 0.00004557
0.00007221 0.00008829
0.00009955 0.00012974
0.00004264 0.00005515
0.00004877 0.00006276
0.00001850 0.00002073
0.00000187 0.00000236
0.00000113 0.00000143
0.00004520 0.00005649
0.00002516 0.00003003
0.00000857 0.00001231
0.00000582 0.00000818
0.00008528 0.00010663
0.00007517 0.00008651
0.00006330 0.00007825
0.00000925 0.00000949
0.00001225 0.00001372
0.00001429 0.00001793
0.00001258 0.00001591
0.00001287 0.00001702
0.00003141 0.00003924
0.00004793 0.00006336
0.00000291 0.00000373
0.00004184 0.00005245
0.00000155 0.00000190
0.00000629 0.00000779
0.00003070 0.00003843
0.00002328 0.00003042
0.00001219 0.00001600
0.00000103 0.00000133
0.00001005 0.00001414
0.00012564 0.00015501
0.00001164 0.00001516
0.00001743 0.00002029
0.00001261 0.00001604
0.00000620 0.00000719
0.00001222 0.00001572
0.00000206 0.00000268
0.00008367 0.00010931
0.00001808 0.00002338
0.00008462 0.00010488
0.00004484 0.00005609
0.00003249 0.00004306
0.00001606 0.00001933
0.00000767 0.00000993
0.00003523 0.00004189
0.00005838 0.00007617
0.00000310 0.00000320
0.00000412 0.00000586
0.00001496 0.00002073
0.00005150 0.00006768
0.00000904 0.00001205
0.00004231 0.00004639
0.00000803 0.00000955
0.00006079 0.00007554
0.00001577 0.00001898
0.00001534 0.00001937
0.00004469 0.00005635
0.00000824 0.00001111
0.00005433 0.00006798
0.00000748 0.00000803
0.00000452 0.00000561
0.00002617 0.00003346
0.00001955 0.00002858
0.00003581 0.00004685
0.00001862 0.00002297
0.00004080 0.00005100
0.00001240 0.00001407
0.00000611 0.00000731
0.00001648 0.00001789
0.00000374 0.00000474
0.00000226 0.00000297
0.00003913 0.00005060
0.00000931 0.00001268
0.00002324 0.00002805
0.00001988 0.00002281
0.00002072 0.00002531
0.00002093 0.00002844
0.00002114 0.00002476
0.00001296 0.00001539
0.00001162 0.00001572
0.00005419 0.00006389
0.00000994 0.00001330
0.00001036 0.00001335
0.00009826 0.00011715
0.00003476 0.00004171
0.00001057 0.00001437
0.00004458 0.00005550
0.00000963 0.00001193
0.00002592 0.00003228
0.00000581 0.00000665
0.00000497 0.00000551
0.00000518 0.00000588
0.00008540 0.00009706
0.00000324 0.00000434
0.00006681 0.00008650
0.00000901 0.00001135
0.00003230 0.00003247
0.00005514 0.00006876
0.00000259 0.00000324
0.00007637 0.00009258
0.00001805 0.00002083
0.00000648 0.00000784
0.00001998 0.00002293
0.00001933 0.00002640
0.00003107 0.00003896
0.00000889 0.00001156
0.00001796 0.00002282
0.00000749 0.00000829
0.00001317 0.00001756
0.00001724 0.00001998
0.00000081 0.00000096
0.00003293 0.00004002
0.00000999 0.00001089
0.00002223 0.00002848
0.00004007 0.00005014
0.00000898 0.00001093
0.00001778 0.00002374
0.00000862 0.00001139
0.00002634 0.00003331
0.00023252 0.00027652
0.00000162 0.00000190
0.00012562 0.00015348
0.00000449 0.00000538
0.00004637 0.00005788
0.00001897 0.00002406
0.00001447 0.00001831
0.00000431 0.00000581
0.00001695 0.00002031
0.00001498 0.00001858
0.00002894 0.00003600
0.00001677 0.00002393
0.00001115 0.00001391
0.00001594 0.00001958
0.00001731 0.00002060
0.00003628 0.00003822
0.00001710 0.00002246
0.00000304 0.00000300
0.00003063 0.00003993
0.00000941 0.00001111
0.00002230 0.00002888
0.00000797 0.00000845
0.00000855 0.00001148
0.00003901 0.00004865
0.00008551 0.00010060
0.00004323 0.00005206
0.00000608 0.00000747
0.00001216 0.00001549
0.00003702 0.00004495
0.00007874 0.00010981
0.00002165 0.00002655
0.00001847 0.00002261
0.00001023 0.00001282
0.00002439 0.00003141
0.00000161 0.00000196
0.00001689 0.00002040
0.00003337 0.00004090
0.00001319 0.00001579
0.00005645 0.00007446
0.00007803 0.00008820
0.00006900 0.00009454
0.00003757 0.00004685
0.00000019 null
0.00002335 0.00002905
0.00000322 0.00000412
0.00001094 0.00001457
0.00000038 null
0.00024377 0.00025949
0.00000644 0.00000797
0.00003010 0.00003787
0.00000779 0.00000707
0.00000076 0.00000091
0.00001811 0.00002258
0.00001288 0.00001514
0.00004312 0.00005396
0.00001505 0.00001798
0.00002295 0.00002849
0.00001558 0.00001851
0.00000152 0.00000197
0.00000547 0.00000638
0.00000071 null
0.00003116 0.00003900
0.00008797 0.00010945
0.00003607 0.00004644
0.00000275 0.00000351
0.00001435 0.00001957
0.00006851 0.00008487
0.00000605 0.00000781
0.00000009 null
0.00000200 0.00000235
0.00000142 0.00000158
0.00001078 0.00001350
0.00006020 0.00007174
0.00000550 0.00000745
0.00000400 0.00000470
0.00000539 0.00000674
0.00001725 0.00002222
0.00001970 0.00002454
0.00001683 0.00002331
0.00001100 0.00001400
0.00004376 0.00005624
0.00000800 0.00001015
0.00008529 0.00010093
0.00000985 0.00001146
0.00021306 0.00025504
0.00002200 0.00002852
0.00001210 0.00001371
0.00000858 0.00001110
0.00001136 0.00001357
0.00002019 0.00002415
0.00012942 0.00014975
0.00001935 0.00002323
0.00003694 0.00005054
0.00009085 0.00012264
0.00006863 0.00008454
0.00004864 0.00006079
0.00001716 0.00002056
0.00002272 0.00002839
0.00002775 0.00003573
0.00012752 0.00015606
0.00001851 0.00002542
0.00000025 null
0.00007850 0.00008811
0.00000284 0.00000406
0.00001377 0.00001676
0.00000907 0.00001195
0.00000050 null
0.00000429 0.00000522
0.00000568 0.00000738
0.00002754 0.00003294
0.00003188 0.00004045
0.00007019 0.00008718
0.00003571 0.00003703
0.00000100 0.00000126
0.00004449 0.00005315
0.00000097 0.00000117
0.00005089 0.00006776
0.00015130 0.00019241
0.00006186 0.00007073
0.00001756 0.00002381
0.00001201 0.00001286
0.00003390 0.00004175
0.00006613 0.00008385
0.00002304 0.00003015
0.00006555 0.00008866
0.00000878 0.00001151
0.00003093 0.00003913
0.00002455 0.00003116
0.00004365 0.00005434
0.00007181 0.00009542
0.00001152 0.00001484
0.00004769 0.00005953
0.00001915 0.00002552
0.00000439 0.00000514
0.00001389 0.00001759
0.00004495 0.00005593
0.00000576 0.00000699
0.00009538 0.00011906
0.00007565 0.00009828
0.00003845 0.00004952
0.00001909 0.00002489
0.00013679 0.00016839
0.00003448 0.00004504
0.00000288 0.00000280
0.00000847 0.00001052
0.00001615 0.00002056
0.00002757 0.00003491
0.00004899 0.00006071
0.00011604 0.00014178
0.00000455 0.00000438
0.00002307 0.00002703
0.00002135 0.00002913
0.00000144 0.00000173
0.00001694 0.00002144
0.00000776 0.00001031
0.00003241 0.00003839
0.00000597 0.00000813
0.00002503 0.00003168
0.00000072 0.00000094
0.00000388 0.00000517
0.00001194 0.00001510
0.00001738 0.00001925
0.00002229 0.00002693
0.00001875 0.00002339
0.00000036 null
0.00001331 0.00001720
0.00004354 0.00005450
0.00000194 0.00000238
0.00004144 0.00005157
0.00000869 0.00001149
0.00001519 0.00002277
0.00000910 0.00001309
0.00000018 null
0.00002662 0.00003496
0.00008351 0.00010478
0.00002314 0.00002845
0.00000953 0.00001096
0.00002578 0.00003114
0.00001701 0.00002265
0.00002715 0.00003448
0.00001183 0.00001608
0.00001564 0.00001994
0.00007125 0.00009455
0.00001157 0.00001489
0.00006886 0.00009295
0.00001906 0.00002366
0.00001289 0.00001577
0.00004787 0.00005977
0.00007768 0.00009907
0.00002366 0.00002984
0.00000782 0.00000941
0.00003158 0.00003795
0.00000391 0.00000507
0.00003515 0.00004519
0.00001921 0.00002277
0.00002311 0.00002757
0.00010273 0.00012817
0.00002693 0.00003388
0.00001861 0.00002278
0.00003306 0.00004093
0.00002546 0.00002977
0.00001659 0.00001758
0.00003081 0.00003716
0.00000458 0.00000551
0.00002903 0.00003601
0.00006286 0.00007448
0.00004566 0.00005974
0.00001273 0.00001464
0.00000475 0.00000536
0.00000691 0.00000791
0.00000229 0.00000314
0.00001601 0.00002001
0.00000417 0.00000559
0.00004055 0.00005053
0.00001643 0.00002143
0.00004685 0.00005846
0.00000950 0.00001245
0.00001382 0.00001723
0.00003746 0.00004634
0.00001832 0.00002200
0.00003152 0.00004015
0.00000834 0.00001096
0.00006423 0.00007999
0.00002764 0.00003465
0.00000916 0.00001208
0.00002105 0.00002695
0.00001668 0.00002128
0.00010034 0.00012574
0.00003991 0.00005334
0.00004854 0.00006322
0.00001956 0.00002488
0.00001252 0.00001611
0.00023397 0.00027924
0.00003652 0.00004941
0.00000487 0.00000560
0.00002766 0.00003183
0.00006661 0.00008671
0.00001215 0.00001538
0.00072889 0.00086575
0.00000978 0.00001156
0.00004955 0.00006211
0.00010611 0.00013620
0.00002504 0.00002808
0.00001415 0.00001570
0.00001383 0.00001914
0.00001029 0.00001330
0.00004949 0.00006207
0.00006292 0.00008087
0.00000489 0.00000631
0.00001151 0.00001530
0.00003789 0.00004495
0.00000313 0.00000401
0.00004067 0.00005069
0.00001790 0.00002236
0.00001948 0.00002451
0.00025638 0.00032859
0.00003954 0.00004914
0.00002302 0.00003269
0.00000626 0.00000786
0.00016226 0.00019893
0.00000895 0.00001121
0.00000974 0.00001180
0.00001849 0.00002102
0.00002051 0.00002312
0.00013167 0.00016231
0.00004223 0.00005268
0.00000397 0.00000409
0.00004162 0.00005119
0.00002671 0.00003250
0.00001180 0.00001350
0.00001559 0.00002008
0.00002629 0.00003539
0.00006826 0.00007259
0.00001412 0.00002055
0.00003841 0.00004923
0.00003568 0.00004541
0.00001310 0.00001451
0.00004429 0.00005523
0.00007052 0.00008698
0.00007237 0.00009684
0.00002824 0.00003088
0.00003666 0.00005219
0.00009227 0.00011392
0.00000655 0.00000823
0.00002462 0.00002751
0.00001588 0.00002076
0.00000295 0.00000380
0.00000353 0.00000471
0.00003747 0.00004626
0.00003069 0.00003423
0.00001231 0.00001636
0.00000794 0.00000999
0.00000590 0.00000729
0.00001477 0.00001751
0.00000706 0.00000903
0.00002534 0.00003184
0.00007206 0.00009468
0.00000351 0.00000425
0.00004494 0.00005619
0.00005005 0.00006286
0.00019047 0.00022751
0.00001840 0.00002198
0.00000223 0.00000299
0.00001267 0.00001644
0.00000702 0.00000719
0.00000785 0.00000960
0.00003817 0.00004456
0.00000920 0.00001173
0.00000446 0.00000486
0.00010480 0.00012964
0.00001079 0.00001407
0.00001404 0.00001712
0.00004021 0.00005575
0.00003854 0.00005453
0.00000791 0.00001057
0.00000460 0.00000536
0.00000892 0.00001086
0.00001833 0.00002114
0.00004102 0.00005109
0.00008299 0.00010061
0.00002158 0.00002854
0.00002808 0.00003626
0.00001763 0.00002305
0.00026376 0.00033027
0.00002081 0.00002733
0.00003118 0.00003530
0.00003759 0.00005392
0.00004745 0.00005948
0.00001582 0.00001791
0.00003633 0.00004093
0.00000230 0.00000295
0.00002293 0.00002905
0.00001784 0.00002210
0.00004116 0.00005138
0.00008478 0.00010989
0.00001573 0.00001826
0.00011151 0.00013867
0.00001977 0.00002546
0.00004604 0.00005860
0.00000115 0.00000155
0.00004239 0.00005253
0.00004889 0.00006121
0.00011057 0.00014919
0.00009208 0.00011421
0.00003591 0.00004504
0.00003580 0.00003923
0.00002325 0.00002946
0.00003896 0.00005096
0.00018220 0.00021705
0.00008727 0.00008938
0.00005008 0.00006157
0.00001489 0.00002188
0.00000913 0.00001154
0.00006802 0.00009466
0.00004860 0.00006077
0.00005103 0.00006436
0.00003912 0.00004924
0.00010916 0.00014426
0.00000492 0.00000549
0.00000837 0.00001075
0.00007233 0.00009115
0.00003800 0.00004543
0.00001433 0.00001772
0.00002724 0.00003254
0.00000788 0.00000909
0.00006614 0.00008267
0.00001891 0.00002350
0.00004126 0.00005439
0.00001026 0.00001344
0.00000246 0.00000289
0.00001674 0.00001963
0.00001299 0.00001799
0.00020368 0.00024927
0.00001278 0.00001637
0.00002866 0.00003617
0.00010279 0.00012981
0.00001362 0.00001635
0.00001873 0.00002329
0.00003223 0.00004072
0.00001576 0.00002027
0.00004703 0.00005848
0.00002052 0.00002749
0.00000171 0.00000206
0.00004221 0.00005252
0.00000639 0.00000595
0.00000681 0.00000793
0.00002543 0.00003102
0.00000197 0.00000256
0.00001173 0.00001458
0.00015203 0.00018351
0.00000984 0.00001244
0.00002209 0.00003036
0.00003722 0.00004068
0.00001653 0.00002167
0.00000394 0.00000440
0.00002346 0.00003226
0.00000513 0.00000591
0.00000684 0.00000904
0.00003675 0.00004641
0.00004622 0.00006038
0.00008325 0.00008486
0.00000342 0.00000405
0.00001579 0.00001922
0.00000123 0.00000150
0.00003431 0.00003911
0.00000971 0.00001278
0.00004509 0.00005653
0.00004253 0.00005331
0.00006309 0.00008576
0.00004732 0.00006170
0.00004031 0.00005055
0.00001368 0.00001612
0.00003402 0.00004036
0.00001942 0.00002299
0.00031891 0.00041192
0.00001523 0.00001629
0.00005955 0.00006980
0.00002009 0.00002639
0.00000551 0.00000541
0.00002621 0.00003258
0.00001545 0.00002053
0.00006258 0.00008240
0.00001073 0.00001456
0.00000541 0.00000559
0.00004422 0.00005517
0.00002027 0.00002436
0.00000583 0.00000684
0.00000731 0.00000870
0.00010256 0.00012395
0.00010787 0.00013526
0.00004090 0.00005043
0.00001166 0.00001664
0.00004225 0.00005297
0.00005967 0.00007731
0.00003389 0.00004191
0.00001462 0.00001887
0.00000110 0.00000135
0.00009768 0.00012468
0.00002164 0.00002377
0.00003031 0.00004038
0.00001102 0.00001293
0.00000153 0.00000198
0.00001749 0.00002177
0.00001355 0.00001602
0.00002924 0.00003255
0.00000055 null
0.00004884 0.00006571
0.00001082 0.00001469
0.00001465 0.00001918
0.00001061 0.00001327
0.00000954 0.00001292
0.00000306 0.00000351
0.00000440 0.00000552
0.00001949 0.00002225
0.00002399 0.00002598
0.00002930 0.00003998
0.00002122 0.00002619
0.00001908 0.00002435
0.00000612 0.00000648
0.00000220 0.00000303
0.00005569 0.00006991
0.00005021 0.00005612
0.00010555 0.00011909
0.00001279 0.00001547
0.00009589 0.00011844
0.00000885 0.00001163
0.00001937 0.00002623
0.00003319 0.00004906
0.00001224 0.00001693
0.00003361 0.00004395
0.00001760 0.00002423
0.00026279 0.00031519
0.00001770 0.00002276
0.00002067 0.00002584
0.00000477 0.00000585
0.00002021 0.00002701
0.00002448 0.00003134
0.00000880 0.00001175
0.00001603 0.00002260
0.00003308 0.00004524
0.00002631 0.00003105
0.00003484 0.00004385
0.00002768 0.00003325
0.00000091 0.00000119
0.00003670 0.00004503
0.00004515 0.00005649
0.00002537 0.00002730
0.00002579 0.00003368
0.00000027 null
0.00000587 0.00000786
0.00004197 0.00005235
0.00000403 0.00000431
0.00000493 0.00000666
0.00001384 0.00001857
0.00000182 0.00000219
0.00004004 0.00004984
0.00008465 0.00010394
0.00004088 0.00005074
0.00003959 0.00004864
0.00002663 0.00003429
0.00003445 0.00004098
0.00001174 0.00001422
0.00000806 0.00001095
0.00000692 0.00000917
0.00000986 0.00001127
0.00000108 0.00000144
0.00001612 0.00002216
0.00000346 0.00000437
0.00001972 0.00002506
0.00006074 0.00007768
0.00000054 null
0.00000838 0.00001015
0.00000627 0.00000771
0.00005997 0.00007072
0.00009677 0.00011396
0.00000173 0.00000204
0.00000859 0.00001203
0.00000367 0.00000512
0.00000817 0.00001011
0.00000432 0.00000436
0.00001407 0.00001775
0.00000957 0.00001134
0.00001676 0.00002004
0.00001718 0.00002082
0.00002912 0.00003483
0.00000734 0.00000967
0.00000216 0.00000325
0.00001634 0.00002270
0.00000757 0.00000893
0.00002508 0.00003028
0.00002573 0.00003076
0.00001623 0.00001927
0.00000364 0.00000423
0.00001468 0.00001890
0.00001728 0.00001673
0.00003056 0.00003915
0.00000419 0.00000485
0.00000728 0.00000967
0.00000864 0.00001077
0.00001163 0.00001560
0.00015788 0.00019977
0.00004539 0.00005625
0.00006251 0.00008172
0.00002918 0.00003360
0.00004265 0.00005203
0.00001205 0.00001663
0.00000764 0.00000994
0.00002494 0.00003331
0.00002817 0.00003691
0.00001459 0.00001692
0.00001373 0.00001752
0.00000699 0.00000793
0.00007135 0.00009248
0.00002410 0.00003088
0.00001247 0.00001680
0.00001528 0.00001774
0.00002547 0.00003046
0.00003352 0.00003495
0.00002074 0.00002705
0.00015767 0.00019493
0.00001398 0.00001920
0.00001591 0.00001952
0.00000190 0.00000258
0.00000191 0.00000242
0.00000995 0.00001210
0.00006704 0.00008349
0.00001037 0.00001261
0.00001647 0.00001862
0.00002796 0.00003342
0.00004229 0.00005300
0.00003593 0.00004953
0.00000095 0.00000122
0.00007555 0.00010187
0.00000382 0.00000482
0.00003944 0.00005280
0.00002642 0.00003309
0.00002716 0.00002949
0.00001275 0.00001720
0.00007460 0.00010099
0.00000760 0.00000873
0.00000511 0.00000646
0.00004725 0.00005919
0.00007843 0.00009033
0.00001321 0.00001459
0.00001358 0.00001722
0.00002550 0.00003040
0.00000380 0.00000480
0.00000827 0.00001126
0.00000871 0.00001070
0.00002169 0.00002473
0.00000679 0.00000761
0.00016025 0.00022058
0.00002002 0.00002629
0.00022670 0.00027021
0.00002044 0.00002377
0.00004313 0.00005356
0.00002615 0.00003205
0.00001654 0.00001900
0.00001742 0.00002326
0.00005074 0.00006304
0.00001001 0.00001072
0.00005158 0.00006694
0.00001520 0.00001823
0.00003909 0.00004619
0.00003087 0.00003894
0.00001022 0.00001214
0.00013101 0.00016007
0.00000177 0.00000180
0.00004896 0.00006502
0.00000540 0.00000736
0.00003341 0.00004295
0.00002463 0.00002907
0.00000535 0.00000636
0.00000270 0.00000354
0.00012393 0.00015131
0.00004244 0.00005554
0.00005961 0.00007679
0.00001217 0.00001274
0.00001886 0.00002454
0.00006397 0.00007512
0.00001080 0.00001355
0.00002434 0.00002778
0.00002799 0.00003550
0.00000943 0.00001361
0.00001070 0.00001294
0.00002841 0.00003758
0.00005116 0.00006279
0.00004664 0.00005833
0.00002832 0.00003655
0.00001263 0.00001675
0.00002442 0.00002773
0.00001147 0.00001511
0.00054362 0.00067246
0.00005491 0.00006892
0.00002085 0.00002566
0.00001416 0.00001873
0.00000641 0.00000760
0.00002526 0.00003201
0.00001221 0.00001519
0.00002413 0.00003176
0.00004328 0.00005600
0.00000708 0.00000856
0.00001282 0.00001545
0.00008173 0.00010311
0.00000135 0.00000175
0.00004292 0.00005351
0.00002045 0.00002626
0.00004517 0.00005610
0.00008108 0.00010085
0.00001791 0.00002095
0.00004018 0.00005048
0.00000354 0.00000461
0.00002564 0.00003045
0.00005854 0.00007283
0.00002211 0.00002881
0.00000519 0.00000679
0.00003483 0.00004581
0.00000667 0.00000753
0.00001269 0.00001510
0.00002769 0.00003286
0.00003290 0.00004058
0.00003611 0.00004152
0.00001343 0.00001546
0.00009626 0.00011254
0.00021400 0.00022999
0.00003920 0.00004871
0.00003688 0.00004503
0.00000435 0.00000506
0.00002686 0.00003537
0.00001395 0.00001821
0.00002076 0.00002634
0.00001665 0.00001567
0.00002213 0.00003031
0.00010700 0.00012774
0.00001823 0.00002281
0.00000870 0.00001087
0.00002350 0.00003120
0.00001038 0.00001421
0.00005350 0.00006879
0.00001334 0.00001708
0.00013231 0.00016080
0.00004141 0.00004870
0.00001740 0.00002414
0.00001175 0.00001612
0.00014289 0.00017330
0.00001242 0.00001620
0.00003022 0.00003852
0.00003732 0.00004968
0.00004974 0.00006442
0.00001363 0.00001672
0.00013003 0.00016793
0.00001511 0.00001924
0.00028221 0.00034348
0.00001101 0.00001436
0.00005687 0.00007458
0.00004444 0.00004319
0.00002722 0.00003458
0.00003495 0.00004347
0.00004398 0.00005585
0.00004331 0.00005175
0.00001233 0.00001667
0.00000621 0.00000774
0.00001361 0.00001752
0.00003126 0.00003899
0.00001340 0.00001708
0.00004981 0.00005831
0.00001159 0.00001305
0.00001291 0.00001436
0.00001819 0.00002575
0.00001813 0.00002240
0.00001771 0.00002233
0.00002719 0.00003710
0.00010602 0.00012171
0.00002582 0.00003468
0.00001300 0.00001814
0.00008606 0.00010874
0.00001621 0.00001943
0.00003269 0.00004009
0.00003706 0.00004879
0.00000335 0.00000407
0.00004802 0.00005877
0.00004172 0.00005194
0.00004113 0.00005174
0.00000650 0.00000816
0.00000137 0.00000166
0.00005396 0.00006189
0.00000670 0.00000923
0.00001633 0.00002137
0.00004208 0.00005493
0.00001239 0.00001424
0.00000325 0.00000354
0.00004886 0.00006007
0.00015479 0.00019472
0.00000569 0.00000727
0.00002948 0.00003255
0.00000548 0.00000702
0.00002906 0.00003438
0.00010554 0.00013085
0.00000483 0.00000601
0.00007851 0.00008581
0.00002591 0.00003047
0.00001474 0.00001557
0.00000274 0.00000343
0.00001268 0.00001612
0.00001337 0.00001469
0.00001453 0.00001793
0.00000966 0.00001122
0.00002234 0.00002504
0.00012197 0.00014847
0.00002276 0.00003066
0.00000737 0.00000872
0.00002192 0.00002511
0.00000634 0.00000640
0.00003741 0.00004665
0.00005978 0.00007536
0.00001117 0.00001440
0.00010531 0.00013056
0.00001138 0.00001718
0.00000317 0.00000381
0.00001096 0.00001516
0.00001059 0.00001245
0.00001795 0.00002484
0.00003864 0.00004979
0.00003995 0.00004995
0.00001479 0.00001966
0.00002472 0.00003139
0.00002653 0.00002757
0.00000879 0.00001125
0.00004535 0.00005303
0.00000425 0.00000589
0.00001352 0.00001733
0.00004468 0.00004898
0.00001236 0.00001356
0.00004552 0.00005655
0.00001758 0.00002363
0.00000850 0.00001217
0.00000676 0.00000908
0.00000618 0.00000814
0.00002306 0.00002982
0.00004053 0.00005476
0.00002097 0.00002622
0.00002055 0.00002626
0.00001700 0.00002089
0.00000338 0.00000468
0.00000309 0.00000380
0.00001153 0.00001626
0.00004099 0.00005108
0.00000169 0.00000248
0.00001043 0.00001181
0.00003257 0.00004138
0.00009093 0.00011067
0.00003266 0.00004387
0.00002104 0.00002255
0.00010437 0.00012905
0.00001349 0.00001558
0.00002443 0.00003260
0.00002086 0.00002469
0.00002401 0.00002969
0.00005313 0.00006634
0.00001052 0.00001384
0.00002698 0.00003283
0.00004362 0.00005485
0.00002277 0.00002908
0.00000526 0.00000694
0.00004636 0.00006346
0.00001981 0.00002600
0.00002003 0.00002561
0.00002065 0.00002420
0.00004015 0.00005012
0.00002701 0.00003561
0.00001605 0.00001835
0.00000263 0.00000321
0.00010876 0.00011529
0.00003638 0.00004713
0.00005539 0.00006172
0.00001248 0.00001371
0.00004404 0.00005540
0.00001111 0.00001370
0.00010233 0.00012312
0.00001110 0.00001481
0.00002496 0.00002668
0.00001426 0.00001803
0.00004932 0.00006778
0.00020536 0.00021619
0.00001450 0.00001958
0.00002222 0.00002779
0.00000841 0.00001137
0.00005675 0.00007091
0.00002220 0.00002832
0.00002199 0.00002938
0.00000312 0.00000431
0.00001866 0.00002632
0.00003769 0.00003793
0.00000713 0.00000846
0.00018551 0.00022264
0.00003575 0.00004409
0.00000725 0.00000802
0.00002606 0.00003063
0.00001471 0.00001882
0.00000933 0.00001168
0.00000624 0.00000817
0.00005134 0.00006429
0.00005069 0.00006018
0.00001303 0.00001570
0.00000555 0.00000705
0.00000078 0.00000100
0.00002675 0.00003594
0.00012095 0.00014596
0.00001500 0.00001807
0.00002863 0.00003649
0.00000598 0.00000780
0.00000461 0.00000592
0.00000490 0.00000561
0.00003480 0.00004470
0.00002695 0.00003387
0.00005533 0.00006437
0.00000156 0.00000176
0.00003330 0.00004516
0.00000299 0.00000361
0.00000245 0.00000303
0.00000375 0.00000483
0.00003765 0.00004735
0.00002805 0.00003729
0.00008819 0.00010429
0.00005076 0.00006486
0.00001960 0.00002474
0.00005777 0.00006382
0.00005372 0.00007024
0.00000039 null
0.00000750 0.00000946
0.00007530 0.00009372
0.00013742 0.00016685
0.00001196 0.00001484
0.00000922 0.00001186
0.00000980 0.00001289
0.00005307 0.00006332
0.00001645 0.00001653
0.00004247 0.00005310
0.00005538 0.00007205
0.00004138 0.00005159
0.00001501 0.00002051
0.00003042 0.00003715
0.00005635 0.00007055
0.00001753 0.00002351
0.00001868 0.00002450
0.00000280 0.00000331
0.00000514 0.00000671
0.00008842 0.00010958
0.00002490 0.00003330
0.00002353 0.00003070
0.00002895 0.00004107
0.00001227 0.00001615
0.00001521 0.00001823
0.00033349 0.00039212
0.00000934 0.00001231
0.00009115 0.00009968
0.00000257 0.00000331
0.00000560 0.00000717
0.00017614 0.00021766
0.00001245 0.00001433
0.00002454 0.00003112
0.00004718 0.00005889
0.00000467 0.00000611
0.00013907 0.00016480
0.00001120 0.00001376
0.00002056 0.00002365
0.00000891 0.00001109
0.00002139 0.00002709
0.00009436 0.00011570
0.00001028 0.00001249
0.00002240 0.00002795
0.00001191 0.00001532
0.00005217 0.00006085
0.00001212 0.00001585
0.00001126 0.00001491
0.00001532 0.00001651
0.00008020 0.00008964
0.00009338 0.00011559
0.00036972 0.00046962
0.00004611 0.00005750
0.00002865 0.00003665
0.00002424 0.00003095
0.00002252 0.00002230
0.00000766 0.00000901
0.00008735 0.00011715
0.00000035 null
0.00001773 0.00002018
0.00004574 0.00005092
0.00004100 0.00005159
0.00001103 0.00001160
0.00005572 0.00006954
0.00000303 0.00000418
0.00001946 0.00002517
0.00000383 0.00000497
0.00000070 0.00000092
0.00017010 0.00020249
0.00002374 0.00002740
0.00001277 0.00001509
0.00019181 0.00020181
0.00000606 0.00000838
0.00000973 0.00001097
0.00000563 0.00000812
0.00000140 0.00000166
0.00000010 null
0.00001187 0.00001589
0.00002876 0.00003843
0.00004831 0.00005395
0.00001752 0.00002272
0.00001068 0.00001522
0.00001132 0.00001516
0.00009276 0.00012184
0.00003641 0.00004536
0.00000020 null
0.00001438 0.00002019
0.00000876 0.00001205
0.00002136 0.00003267
0.00002264 0.00002711
0.00013566 0.00016343
0.00007282 0.00008951
0.00009053 0.00011277
0.00000040 null
0.00000719 0.00000832
0.00002041 0.00002259
0.00002414 0.00003189
0.00000438 0.00000564
0.00000267 0.00000349
0.00000283 0.00000377
0.00002266 0.00002436
0.00032746 0.00039782
0.00000080 0.00000095
0.00002142 0.00002997
0.00001123 0.00001394
0.00001207 0.00001412
0.00000219 0.00000245
0.00000534 0.00000716
0.00000566 0.00000795
0.00004605 0.00005477
0.00001133 0.00001538
0.00000160 0.00000225
0.00001071 0.00001337
0.00002655 0.00003349
0.00001657 0.00002100
0.00012267 0.00015149
0.00002739 0.00003358
0.00001270 0.00001704
0.00002377 0.00003094
0.00008343 0.00010053
0.00000320 0.00000432
0.00001587 0.00001969
0.00001031 0.00001248
0.00002540 0.00003378
0.00001010 0.00001206
0.00002965 0.00003690
0.00000640 0.00000786
0.00000505 0.00000577
0.00001280 0.00001497
0.00005215 0.00006513
0.00002171 0.00002797
0.00000635 0.00000810
0.00004837 0.00006005
0.00002560 0.00003146
0.00004843 0.00006099
0.00001112 0.00001470
0.00001925 0.00002354
0.00005175 0.00006533
0.00000349 0.00000503
0.00002224 0.00002519
0.00004510 0.00005850
0.00004474 0.00005586
0.00000698 0.00000907
0.00004342 0.00005136
0.00000278 0.00000341
0.00002371 0.00003509
0.00005930 0.00007245
0.00001999 0.00002021
0.00004397 0.00005489
0.00001396 0.00001767
0.00000556 0.00000766
0.00000189 0.00000244
0.00004040 0.00005832
0.00015579 0.00018735
0.00004754 0.00006098
0.00015499 0.00018809
0.00004373 0.00005451
0.00001658 0.00002090
0.00001414 0.00001771
0.00009656 0.00012037
0.00000378 0.00000510
0.00001788 0.00002280
0.00001486 0.00001909
0.00006442 0.00007591
0.00001089 0.00001476
0.00003314 0.00004161
0.00000139 0.00000182
0.00000829 0.00000953
0.00004828 0.00005756
0.00010219 0.00012373
0.00000756 0.00000856
0.00000894 0.00001123
0.00006075 0.00007570
0.00007879 0.00010235
0.00004658 0.00005803
0.00002972 0.00003843
0.00001809 0.00002249
0.00002178 0.00002747
0.00002867 0.00003736
0.00002763 0.00003612
0.00001512 0.00001835
0.00000447 0.00000628
0.00004272 0.00005328
0.00004528 0.00005626
0.00002150 0.00002457
0.00000707 0.00000923
0.00004481 0.00004942
0.00001075 0.00001269
0.00000743 0.00000772
0.00001889 0.00002439
0.00004412 0.00005432
0.00001393 0.00001654
0.00001385 0.00001628
0.00001364 0.00001841
0.00003067 0.00003781
0.00001883 0.00002414
0.00000074 null
0.00003011 0.00003260
0.00018788 0.00023451
0.00002728 0.00003124
0.00003892 0.00005268
0.00006134 0.00007521
0.00002561 0.00003413
0.00004302 0.00005319
0.00002157 0.00002814
0.00004748 0.00005942
0.00000148 0.00000176
0.00004885 0.00006090
0.00004764 0.00005964
0.00000341 0.00000366
0.00005730 0.00007210
0.00004806 0.00005137
0.00000119 0.00000158
0.00002050 0.00002570
0.00002005 0.00002496
0.00002626 0.00003129
0.00001651 0.00001836
0.00000682 0.00000968
0.00003903 0.00005186
0.00004459 0.00005594
0.00003064 0.00003957
0.00004437 0.00005237
0.00001025 0.00001154
0.00004205 0.00005246
0.00001313 0.00001437
0.00000037 null
0.00001091 0.00001165
0.00000661 0.00000862
0.00000476 0.00000648
0.00004480 0.00005596
0.00008556 0.00009679
0.00002258 0.00002943
0.00001184 0.00001495
0.00002359 0.00003396
0.00000238 0.00000278
0.00002633 0.00003356
0.00004112 0.00005110
0.00001129 0.00001406
0.00002677 0.00003199
0.00004278 0.00005298
0.00003601 0.00004712
0.00000296 0.00000390
0.00003659 0.00004304
0.00003987 0.00005087
0.00000952 0.00001212
0.00004879 0.00006068
0.00004379 0.00005354
0.00004207 0.00005325
0.00000592 0.00000732
0.00001711 0.00002501
0.00003968 0.00005194
0.00001206 0.00001563
0.00004135 0.00005157
0.00004409 0.00005501
0.00011921 0.00011166
0.00002853 0.00003875
0.00016062 0.00019146
0.00002412 0.00002380
0.00007033 0.00008507
0.00002273 0.00002974
0.00015661 0.00018707
0.00001437 0.00001905
0.00004598 0.00005444
0.00001913 0.00002327
0.00000897 0.00001062
0.00000603 0.00000830
0.00001794 0.00002145
0.00000502 0.00000577
0.00002758 0.00003461
0.00017440 0.00020661
0.00003948 0.00004897
0.00000577 0.00000731
0.00001105 0.00001407
0.00000955 0.00001139
0.00003945 0.00005169
0.00001379 0.00001959
0.00000251 0.00000340
0.00008056 0.00010483
0.00001405 0.00001641
0.00002549 0.00003016
0.00002210 0.00002820
0.00004046 0.00005120
0.00003579 0.00004482
0.00004360 0.00005383
0.00002008 0.00002584
0.00001895 0.00002327
0.00003970 0.00004964
0.00003710 0.00004619
0.00004230 0.00005294
0.00024877 0.00029714
0.00002109 0.00002668
0.00001004 0.00001424
0.00001154 0.00001606
0.00003457 0.00004229
0.00014710 0.00019210
0.00004183 0.00005241
0.00002697 0.00003368
0.00000315 0.00000378
0.00004432 0.00005520
0.00003856 0.00004957
0.00001428 0.00001754
0.00002163 0.00002644
0.00002087 0.00002498
0.00000630 0.00000866
0.00014924 0.00017506
0.00022862 0.00027428
0.00001260 0.00001469
0.00000357 0.00000482
0.00004188 0.00005219
0.00004159 0.00005209
0.00002520 0.00003113
0.00014126 0.00017486
0.00000714 0.00000930
0.00003731 0.00004879
0.00001197 0.00001407
0.00000975 0.00001362
0.00000900 0.00001121
0.00004641 0.00005812
0.00001890 0.00002060
0.00004177 0.00005219
0.00001848 0.00002478
0.00007750 0.00009521
0.00019112 0.00020062
0.00005421 0.00006840
0.00001950 0.00002406
0.00000525 0.00000649
0.00001495 0.00001777
0.00001800 0.00002236
0.00023286 0.00025172
0.00000945 0.00001205
0.00000924 0.00001224
0.00001141 0.00001251
0.00001050 0.00001385
0.00005038 0.00006334
0.00001919 0.00002550
0.00000225 0.00000279
0.00000462 0.00000589
0.00005659 0.00006617
0.00002282 0.00002932
0.00000450 0.00000548
0.00003951 0.00004416
0.00005920 0.00007099
0.00003933 0.00004654
0.00000231 0.00000303
0.00000656 0.00000812
0.00001386 0.00001637
0.00000572 0.00000661
0.00000508 0.00000576
0.00004200 0.00005245
0.00001249 0.00001711
0.00001660 0.00002155
0.00000609 0.00000940
0.00000328 0.00000409
0.00002772 0.00003787
0.00000286 0.00000333
0.00000254 0.00000329
0.00003838 0.00004300
0.00000830 0.00001046
0.00001480 0.00001732
0.00002288 0.00003001
0.00002032 0.00002496
0.00004337 0.00005147
0.00000415 0.00000553
0.00000740 0.00000994
0.00002436 0.00002962
0.00000693 0.00000791
0.00001312 0.00001857
0.00001144 0.00001548
0.00001016 0.00001081
0.00002929 0.00003717
0.00004503 0.00005635
0.00000370 0.00000493
0.00001931 0.00002542
0.00001218 0.00001600
0.00000041 null
0.00025302 0.00029996
0.00003915 0.00004838
0.00000277 0.00000350
0.00000241 0.00000356
0.00001228 0.00001501
0.00000185 0.00000216
0.00001047 0.00001322
0.00001365 0.00001423
0.00000554 0.00000618
0.00000482 0.00000648
0.00002456 0.00003110
0.00002505 0.00003368
0.00002094 0.00002659
0.00002730 0.00003200
0.00004788 0.00005698
0.00002317 0.00002884
0.00000164 0.00000203
0.00004174 0.00005284
0.00000143 0.00000176
0.00000127 0.00000150
0.00001108 0.00001381
0.00000307 0.00000366
0.00000964 0.00001042
0.00002531 0.00003126
0.00037272 0.00044738
0.00000082 0.00000112
0.00002216 0.00002824
0.00000614 0.00000811
0.00001928 0.00002644
0.00004326 0.00005419
0.00004079 0.00004953
0.00009817 0.00013298
0.00007533 0.00010003
0.00004218 0.00005301
0.00001090 0.00001292
0.00000083 0.00000098
0.00004766 0.00006212
0.00000101 0.00000137
0.00002514 0.00003322
0.00000498 0.00000566
0.00005394 0.00006816
0.00011055 0.00013485
0.00000031 null
0.00001669 0.00002169
0.00000166 0.00000218
0.00003790 0.00004726
0.00002635 0.00003392
0.00001855 0.00002331
0.00004616 0.00006102
0.00001257 0.00001456
0.00005611 0.00007000
0.00000249 0.00000346
0.00001013 0.00001285
0.00004105 0.00005158
0.00000062 null
0.00003719 0.00004543
0.00000987 0.00001292
0.00001007 0.00001294
0.00004094 0.00005208
0.00004462 0.00005557
0.00001992 0.00002629
0.00002023 0.00002620
0.00000124 0.00000152
0.00007438 0.00009291
0.00000545 0.00000678
0.00000996 0.00001322
0.00004242 0.00005628
0.00001837 0.00002450
0.00004189 0.00005235
0.00000248 0.00000298
0.00001328 0.00001737
0.00004729 0.00005922
0.00001307 0.00001772
0.00008997 0.00010477
0.00001616 0.00001858
0.00015423 0.00020202
0.00001370 0.00001562
0.00003707 0.00004950
0.00001444 0.00001932
0.00003588 0.00004315
0.00000496 0.00000638
0.00002656 0.00003332
0.00002614 0.00003313
0.00000808 0.00001104
0.00000989 0.00001315
0.00002888 0.00003830
0.00007655 0.00009099
0.00000992 0.00001168
0.00000332 0.00000426
0.00004694 0.00005867
0.00000404 0.00000456
0.00004527 0.00006019
0.00003018 0.00003142
0.00002299 0.00002746
0.00000361 0.00000483
0.00001417 0.00001726
0.00002881 0.00003797
0.00001984 0.00002477
0.00000664 0.00000838
0.00002887 0.00003877
0.00000202 0.00000251
0.00001509 0.00001985
0.00000685 0.00000947
0.00000722 0.00000860
0.00004543 0.00005677
